     0/299    0.946G    0.1144   0.03496    0.0303    0.1796         3       640  0.002828    0.4722  0.002801 0.0003975   0.09968   0.03191   0.02676
     1/299     3.37G    0.1043   0.03857   0.02823    0.1711         7       640 0.0002894   0.04861 3.246e-05 3.865e-06   0.08634   0.03338   0.02556
     2/299     3.72G   0.09275   0.04322   0.02583    0.1618         8       640 0.0001852   0.05556 2.436e-05 2.436e-06   0.07854   0.03441   0.02449
     3/299     4.08G   0.08894   0.04083   0.02453    0.1543         5       640 0.0001389   0.04167 1.855e-05 1.855e-06   0.07757   0.03389   0.02357
     4/299     4.08G   0.08758   0.04115    0.0237    0.1524         3       640 9.259e-05   0.02778  1.03e-05  1.03e-06   0.07807   0.03341   0.02285
     5/299     4.08G   0.08538   0.04139   0.02299    0.1498         2       640 0.0004547   0.07639 9.997e-05 1.011e-05   0.07808   0.03331   0.02223
     6/299     4.08G   0.08514   0.04497   0.02263    0.1527         8       640  0.000496   0.08333 0.0001164 1.202e-05   0.07697   0.03324   0.02169
     7/299     4.08G   0.08486    0.0432   0.02229    0.1504         4       640 0.0002615   0.04861   3.9e-05 4.001e-06   0.07812   0.03288    0.0213
     8/299     4.08G   0.08214   0.03999   0.02167    0.1438         2       640 0.0006036    0.1111 0.0001641 1.752e-05   0.07724   0.03303    0.0209
     9/299     4.08G   0.08222   0.04415   0.02143    0.1478         8       640  0.001191    0.2153 0.0006893 7.234e-05   0.07594   0.03337   0.02056
    10/299     4.08G   0.08231   0.04129   0.02106    0.1447         5       640  0.001855    0.3333  0.001788 0.0001968   0.07485   0.03358   0.02024
    11/299     4.08G   0.08308   0.04279   0.02145    0.1473         5       640  0.001884    0.3333  0.001914 0.0001992   0.07578   0.03324   0.01997
    12/299     4.08G   0.08078   0.03922   0.02056    0.1406         2       640  0.001803    0.4306  0.002928 0.0003157   0.07471   0.03354    0.0197
    13/299     4.08G   0.08186   0.04411   0.02023    0.1462         8       640   0.00218    0.4722  0.003326 0.0004311   0.07441   0.03358   0.01944
    14/299     4.08G   0.07364   0.03741   0.01844    0.1295         0       640  0.001683       0.5  0.004515 0.0005645   0.07341   0.03376    0.0192
    15/299     4.08G   0.08111   0.04178   0.02036    0.1432         4       640   0.00187       0.5  0.005082 0.0007393   0.07276   0.03409   0.01894
    16/299     4.08G   0.08063   0.04669   0.02016    0.1475         8       640  0.002851    0.1875  0.003898 0.0005681   0.07328   0.03385   0.01876
    17/299     4.08G   0.08074   0.03783   0.01952    0.1381         1       640    0.5028    0.2083  0.004384 0.0005485   0.07358   0.03362    0.0186
    18/299     4.08G   0.08094   0.04468   0.01998    0.1456         5       640    0.0022    0.2083  0.002747 0.0003727   0.07403   0.03362    0.0184
    19/299     4.08G   0.07977   0.04083   0.01955    0.1401         4       640  0.007277   0.08333  0.004856 0.0006767   0.07367   0.03357   0.01816
    20/299     4.08G   0.07973   0.03861   0.01948    0.1378         2       640    0.5072    0.1528  0.005735 0.0008353   0.07304   0.03354   0.01793
    21/299     4.08G    0.0818   0.04514   0.01964    0.1466         8       640    0.6215    0.0625   0.02398  0.003412   0.07267   0.03351   0.01776
    22/299     4.08G   0.07827   0.03983   0.01912    0.1372         2       640  0.005685    0.1806  0.006882  0.001015   0.07124   0.03411   0.01751
    23/299     4.08G    0.0724   0.03807   0.01746    0.1279         0       640    0.5186   0.04167  0.007118 0.0009773   0.07232   0.03349   0.01722
    24/299     4.08G   0.08102   0.03951   0.01838    0.1389         2       640    0.5603   0.03472   0.02404  0.003565   0.07158   0.03267   0.01702
    25/299     4.08G   0.07832   0.04105   0.01872    0.1381         4       640    0.3527    0.2375    0.2129   0.03237   0.07072   0.03215   0.01665
    26/299     4.08G   0.07788   0.03718   0.01853    0.1336         2       640    0.1864    0.2631    0.1598   0.03319   0.07164   0.02926   0.01615
    27/299     4.08G   0.07945   0.03524   0.01855    0.1332         6       640    0.2166    0.2986    0.1645   0.03284    0.0752   0.02437   0.01545
    28/299     4.08G     0.078   0.03272   0.01887    0.1296         5       640   0.09085     0.375   0.07961   0.01384   0.07778   0.02431   0.01599
    29/299     4.08G   0.07456    0.0312   0.01726     0.123         4       640    0.2252    0.2082    0.1444   0.03144   0.07509   0.02364   0.01452
    30/299     4.08G    0.0723   0.02783   0.01708    0.1172         2       640    0.3122    0.3403    0.2684   0.06344   0.06739   0.02178   0.01341
    31/299     4.08G   0.07434   0.02706   0.01698    0.1184         4       640    0.3148    0.4097    0.2784   0.05726   0.06873   0.02221   0.01371
    32/299     4.08G   0.07373   0.02645   0.01628    0.1165         3       640    0.3584     0.583    0.3568     0.091   0.06796   0.02161   0.01319
    33/299     4.08G   0.07296   0.02432   0.01629    0.1136         2       640    0.3602    0.5764    0.3886    0.1066   0.06324   0.01992   0.01207
    34/299     4.08G   0.07083    0.0247   0.01605    0.1116         2       640    0.3813    0.6528    0.4494    0.1142   0.06685   0.01945   0.01169
    35/299     4.08G   0.06879   0.02371   0.01587    0.1084         1       640    0.2277    0.3125    0.1794   0.03669   0.07647    0.0207   0.01455
    36/299     4.08G   0.07226   0.02653   0.01516     0.114         8       640    0.6092    0.5535    0.5145    0.1428   0.06559    0.0176   0.01095
    37/299     4.08G   0.06885   0.02282   0.01424    0.1059         4       640    0.4636    0.7014    0.5202    0.1781   0.06025   0.01907   0.01115
    38/299     4.08G   0.07101   0.02259   0.01382    0.1074         3       640    0.4166      0.75    0.6543    0.2134   0.05774   0.01806  0.009476
    39/299     4.08G   0.06645   0.02159   0.01352    0.1016         2       640    0.4022    0.5972    0.4434    0.1167   0.06563    0.0181  0.009632
    40/299     4.08G   0.06762   0.02249   0.01391     0.104         4       640    0.6148    0.6528    0.6149    0.1657    0.0591   0.01849   0.01027
    41/299     4.08G    0.0685   0.02151   0.01399     0.104         2       640    0.4073    0.7292    0.5759    0.1663   0.06367   0.01725  0.009076
    42/299     4.08G   0.06789   0.02193   0.01335    0.1032         2       640    0.5908    0.5816    0.6089    0.2148   0.05633   0.01967   0.01034
    43/299     4.08G   0.06155   0.02125   0.01212   0.09492         2       640    0.5833    0.6561    0.6064    0.2167   0.05836   0.01752   0.00979
    44/299     4.08G   0.06403   0.02121   0.01227   0.09752         2       640    0.4538    0.7639    0.6135    0.2588   0.05742   0.01856  0.009031
    45/299     4.08G   0.06399   0.02545   0.01266    0.1021         8       640    0.5768    0.7639    0.6771    0.2538   0.05674    0.0173  0.009507
    46/299     4.08G   0.06271   0.02281   0.01257   0.09809         4       640    0.3544     0.812    0.5006    0.1368   0.05509   0.01804  0.009677
    47/299     4.08G   0.06005   0.02089   0.01292   0.09386         4       640    0.5986    0.7823    0.7757    0.3337   0.04856   0.01638  0.008624
    48/299     4.08G   0.06004   0.02044   0.01108   0.09157         2       640    0.3767    0.8747    0.5591    0.2033   0.05222   0.01644  0.007968
    49/299     4.08G   0.05755   0.02049   0.01114   0.08918         4       640    0.5637    0.6111    0.6747    0.3359   0.05048   0.01747  0.007894
    50/299     4.08G   0.06729   0.02244   0.01253    0.1023         6       640    0.6147    0.8194    0.7798    0.2151   0.05493    0.0182   0.00964
    51/299     4.08G   0.06594   0.02458   0.01321    0.1037         8       640    0.4436    0.8105    0.5874    0.1378   0.06094   0.01584  0.008176
    52/299     4.08G   0.06918   0.02338   0.01271    0.1053         6       640    0.4455    0.8478    0.6447    0.1252   0.05733   0.01799  0.007897
    53/299     4.08G   0.06289   0.02016   0.01144   0.09448         2       640     0.496    0.8932    0.6849    0.2366    0.0551   0.01671  0.007884
    54/299     4.08G   0.06343   0.02038     0.011    0.0948         2       640    0.7016     0.846     0.806    0.4137   0.04948   0.01643  0.007882
    55/299     4.08G   0.06349   0.02203   0.01144   0.09696         2       640    0.5932    0.7292     0.678    0.1864   0.05712   0.01968  0.008453
    56/299     4.08G   0.06462   0.02399    0.0123    0.1009         8       640    0.5958    0.8264    0.7407    0.3183   0.04808   0.01737  0.007922
    57/299     4.08G   0.06182   0.02048    0.0121   0.09441         3       640    0.5148    0.9495    0.7814    0.2967    0.0491   0.01523  0.007435
    58/299     4.08G   0.05964   0.01942   0.01097   0.09003         4       640    0.6926    0.9236     0.858     0.363   0.04916   0.01548  0.008276
    59/299     4.08G   0.06147   0.02039   0.01071   0.09257         4       640    0.5867    0.8327    0.8023    0.3655   0.05183    0.0174  0.009156
    60/299     4.08G   0.05832   0.02114    0.0101   0.08956         8       640    0.7678    0.8194    0.8164     0.406   0.04074   0.01721  0.007381
    61/299     4.08G   0.05699   0.02193   0.01113   0.09005         8       640    0.7535    0.8686    0.9164    0.4642    0.0472   0.01522  0.007248
    62/299     4.08G   0.05732   0.01887   0.01007   0.08627         2       640    0.6263    0.8889    0.8768     0.366   0.04864   0.01392  0.006965
    63/299     4.08G   0.05672   0.02102   0.01035    0.0881         6       640    0.6549    0.9158    0.9356    0.4436   0.04418   0.01512  0.007018
    64/299     4.08G   0.05308     0.019  0.009388   0.08148         0       640     0.572    0.8611    0.7951    0.4009   0.04477   0.01534  0.007418
    65/299     4.08G   0.05971   0.01895  0.008886   0.08754         3       640    0.7269    0.9057    0.8599    0.5421   0.04464   0.01634  0.007721
    66/299     4.08G   0.05345   0.02192  0.009538   0.08491         7       640    0.8208    0.7705    0.9279    0.5979    0.0393   0.01473  0.006843
    67/299     4.08G   0.05469   0.02126   0.00968   0.08562         6       640    0.9213    0.7705    0.9323    0.4096   0.04423   0.01476  0.006861
    68/299     4.08G   0.05624   0.02043  0.009573   0.08624         6       640    0.9078    0.9583    0.9816    0.6083   0.03645   0.01472    0.0069
    69/299     4.08G   0.05102   0.01824   0.00869   0.07796         0       640    0.8459    0.8691    0.9563    0.5908   0.04369   0.01504  0.006903
    70/299     4.08G   0.05444   0.01868  0.009284   0.08241         4       640    0.8991    0.9097    0.9678    0.5852   0.03874   0.01439  0.006628
    71/299     4.08G   0.05107   0.01807  0.008375   0.07751         2       640         1       0.5    0.6189    0.3862   0.04147   0.01915  0.007119
    72/299     4.08G   0.05452   0.02325  0.009587   0.08736         8       640    0.9362    0.9236    0.9703    0.5856   0.03964    0.0151  0.006645
    73/299     4.08G   0.05354    0.0212  0.009689   0.08443         7       640    0.7258    0.8681    0.9418     0.514   0.04208    0.0146  0.006836
    74/299     4.08G   0.05112   0.01976  0.008777   0.07966         5       640    0.7911    0.9792    0.9403    0.4703    0.0411   0.01271  0.006436
    75/299     4.08G   0.05014   0.01931   0.00853   0.07798         6       640    0.8808    0.9444    0.9506    0.4211   0.04366   0.01557   0.00678
    76/299     4.08G    0.0515   0.01708  0.009323    0.0779         2       640     0.958    0.9653    0.9803    0.5643   0.03796   0.02526  0.006582
    77/299     4.08G   0.05178   0.01992  0.009267   0.08097         7       640    0.7453    0.9653    0.9393    0.4522   0.04476   0.01563   0.00665
    78/299     4.08G   0.04956   0.01939  0.008658   0.07761         6       640    0.9902     0.743    0.8944    0.6347   0.03436   0.01547   0.00649
    79/299     4.08G   0.04982    0.0181  0.008542   0.07646         3       640     0.919    0.8125    0.9261    0.4905   0.03804   0.01445  0.006433
    80/299     4.08G   0.04876   0.01902  0.008359   0.07614         4       640    0.8943    0.9236    0.9723    0.6384   0.03602   0.01345  0.006482
    81/299     4.08G   0.04798   0.01924  0.008282   0.07549         6       640    0.9941     0.992     0.995    0.5959   0.03516   0.01283  0.006157
    82/299     4.08G   0.04895   0.01649  0.007707   0.07315         2       640    0.9347    0.9653    0.9771    0.6962   0.03385   0.01561  0.006255
    83/299     4.08G   0.04822   0.01625  0.008297   0.07277         2       640    0.9035    0.9861     0.984    0.6153    0.0336   0.01234   0.00627
    84/299     4.08G    0.0452   0.01645  0.007726   0.06937         2       640    0.9863    0.9992    0.9924    0.7244   0.03186    0.0117  0.006146
    85/299     4.08G    0.0477   0.01753   0.00875   0.07398         5       640    0.9105    0.9306    0.9648    0.4928   0.04918   0.01482  0.007752
    86/299     4.08G   0.04856   0.01622  0.008332   0.07311         2       640     0.846    0.9947    0.9875    0.5566   0.04306   0.01357   0.00633
    87/299     4.08G   0.04841   0.01998  0.008787   0.07718         8       640    0.9073    0.9861    0.9611    0.6562   0.03587   0.01263  0.006079
    88/299     4.08G   0.04629   0.01624  0.008406   0.07093         2       640    0.8861    0.7917    0.9096    0.6339   0.03418   0.01567  0.006175
    89/299     4.08G   0.04516   0.01631   0.00741   0.06888         4       640      0.98    0.9883    0.9945    0.6511    0.0366   0.01166  0.006243
    90/299     4.08G   0.04484   0.01565  0.007797   0.06829         2       640    0.9503    0.9861    0.9783    0.6481   0.03485   0.01361  0.006177
    91/299     4.08G   0.04539   0.01524  0.007768    0.0684         2       640    0.9387    0.9791    0.9782    0.4505   0.03978   0.01337  0.006058
    92/299     4.08G    0.0462   0.01767   0.00833    0.0722         6       640    0.9459    0.9505    0.9608    0.5639   0.03552   0.01896  0.006009
    93/299     4.08G    0.0462   0.01446  0.007138    0.0678         2       640    0.9944    0.9861    0.9949    0.6411    0.0308   0.01308  0.005807
    94/299     4.08G   0.04576   0.01582  0.007745   0.06933         4       640    0.9934    0.9999    0.9951    0.6601   0.03279   0.01105  0.005756
    95/299     4.08G   0.04393    0.0163  0.007609   0.06784         3       640    0.9715     0.993     0.992    0.6502    0.0326   0.01293  0.005931
    96/299     4.08G   0.04356   0.01671  0.007755   0.06803         4       640    0.9789    0.9757    0.9911    0.6266   0.03663   0.01185  0.006288
    97/299     4.08G   0.04288   0.01706  0.007927   0.06786         6       640    0.9981         1    0.9951    0.7464   0.02853   0.01115  0.005924
    98/299     4.08G   0.04397   0.01544   0.00785   0.06726         4       640    0.9922         1    0.9944     0.743   0.03035   0.01067  0.005952
    99/299     4.08G    0.0414   0.01573  0.007841   0.06497         4       640    0.9981    0.9861    0.9943    0.7474   0.02969   0.01641  0.005956
   100/299     4.08G   0.03991   0.01484  0.006901   0.06165         1       640     0.963    0.9721    0.9886    0.6654   0.03237   0.01499  0.005993
   101/299     4.08G   0.04132   0.01519  0.007887    0.0644         4       640    0.8866    0.9568    0.9244    0.7016   0.02837   0.01757  0.005935
   102/299     4.08G   0.04137   0.01639  0.007555   0.06531         7       640    0.9606         1    0.9925    0.7301   0.02922   0.00998  0.005827
   103/299     4.08G   0.04374   0.01513   0.00758   0.06646         2       640     0.997         1    0.9954     0.673   0.02956  0.009598   0.00555
   104/299     4.08G   0.04066   0.01483  0.007354   0.06284         4       640    0.9847         1    0.9925    0.7044   0.02914   0.01241  0.005807
   105/299     4.08G   0.03884   0.01447  0.007284   0.06059         4       640    0.9788         1    0.9918    0.7424   0.02824   0.01302  0.005598
   106/299     4.08G   0.04048   0.01411   0.00766   0.06224         2       640    0.9971         1    0.9951    0.6996   0.02911   0.01154  0.005581
   107/299     4.08G    0.0389   0.01454   0.00745   0.06089         4       640    0.9406    0.9999    0.9952    0.6007   0.03364   0.01065  0.005743
   108/299     4.08G   0.03967   0.01389  0.007321   0.06088         4       640    0.9584         1    0.9945    0.7022    0.0312   0.01014  0.005647
   109/299     4.08G   0.04081   0.01606  0.007427   0.06429         7       640    0.9988         1    0.9955     0.763   0.02783  0.009104  0.005335
   110/299     4.08G   0.03835   0.01365  0.006495   0.05849         2       640     0.985         1    0.9955    0.7192   0.02661   0.00969   0.00554
   111/299     4.08G   0.03641   0.01343  0.006378   0.05621         2       640    0.9977    0.9999    0.9955    0.8015   0.02697  0.009034  0.005241
   112/299     4.08G   0.03833   0.01337  0.007745   0.05945         2       640    0.9955    0.9999    0.9952    0.7939   0.02778  0.009797  0.005347
   113/299     4.08G   0.03869   0.01547   0.00711   0.06128         8       640    0.9968         1    0.9952    0.6954   0.03026   0.01039  0.005332
   114/299     4.08G   0.03818   0.01483  0.007274   0.06029         4       640    0.9975         1    0.9952    0.6233   0.03186  0.009963  0.005169
   115/299     4.08G   0.03963   0.01419   0.00703   0.06085         5       640     0.998         1    0.9952    0.6211   0.03545   0.01023  0.005133
   116/299     4.08G   0.04029   0.01354  0.007609   0.06144         3       640    0.9937         1    0.9951    0.7067   0.03183   0.01043  0.005125
   117/299     4.08G   0.03856   0.01501  0.006943   0.06051         8       640     0.999         1    0.9952    0.7387   0.02732  0.009566  0.005177
   118/299     4.08G   0.03506    0.0135  0.006881   0.05544         4       640    0.9997         1    0.9952    0.8024   0.02598  0.008335  0.005146
   119/299     4.08G   0.03717   0.01401   0.00718   0.05836         6       640    0.9997         1    0.9953    0.8155   0.02395   0.00876  0.005195
   120/299     4.08G    0.0366   0.01374  0.007271   0.05761         6       640    0.9926         1    0.9942    0.6826   0.03037  0.009497  0.005384
   121/299     4.08G   0.03463   0.01309  0.006478    0.0542         2       640    0.9987         1    0.9953    0.7963   0.02602  0.009001  0.005108
   122/299     4.08G   0.03764   0.01381  0.006954    0.0584         6       640     0.999         1    0.9953    0.8354   0.02528  0.008868  0.005193
   123/299     4.08G   0.03554    0.0135  0.006612   0.05566         4       640    0.9982         1    0.9953     0.743   0.02608  0.009018  0.005091
   124/299     4.08G   0.03622   0.01486  0.006922     0.058         6       640    0.9976         1    0.9953    0.7767   0.02539  0.009732  0.005216
   125/299     4.08G   0.03502   0.01235  0.006672   0.05404         2       640    0.9965         1    0.9957    0.7892     0.026  0.008991  0.005234
   126/299     4.08G   0.03649   0.01338  0.006847   0.05672         4       640    0.9928         1    0.9955    0.7674   0.02656   0.00865  0.005137
   127/299     4.08G   0.03541   0.01216  0.007053   0.05462         3       640    0.9983         1    0.9953    0.7022   0.02658  0.008854  0.005137
   128/299     4.08G   0.03279   0.01233  0.006024   0.05114         2       640     0.999         1    0.9952    0.8123   0.02358  0.008666  0.005051
   129/299     4.08G   0.03399   0.01197  0.007359   0.05332         2       640    0.9991         1    0.9952    0.8348    0.0235  0.007992     0.005
   130/299     4.08G   0.03543    0.0119  0.006859   0.05419         2       640    0.9993         1    0.9959    0.8546    0.0237  0.007798  0.004947
   131/299     4.08G   0.03523   0.01322  0.006318   0.05477         3       640    0.9971         1    0.9957    0.7278    0.0281  0.008693  0.005066
   132/299     4.08G   0.03651   0.01395  0.006264   0.05673         2       640    0.9981         1    0.9958    0.8491   0.02381  0.008419  0.005031
   133/299     4.08G   0.03526   0.01424  0.007462   0.05696         8       640    0.9984         1    0.9954    0.8365   0.02273  0.008307  0.004936
   134/299     4.08G   0.03329   0.01315  0.006126   0.05256         2       640    0.9997         1    0.9956    0.8326   0.02388  0.008099  0.005047
   135/299     4.08G   0.03409   0.01255  0.006732   0.05338         2       640    0.9988         1    0.9958    0.8126   0.02479  0.008158     0.005
   136/299     4.08G   0.03303   0.01253   0.00652   0.05208         2       640    0.9992         1    0.9958    0.8392    0.0231   0.00801  0.004969
   137/299     4.08G   0.03175   0.01344   0.00631    0.0515         8       640    0.9989         1    0.9953    0.8474   0.02279  0.008272  0.005029
   138/299     4.08G   0.03519   0.01301   0.00723   0.05543         4       640    0.9918         1    0.9951    0.8314   0.02238  0.008305   0.00505
   139/299     4.08G     0.032   0.01195   0.00681   0.05075         4       640    0.9988         1    0.9957    0.8342   0.02366  0.008185  0.004973
   140/299     4.08G    0.0331   0.01314  0.006176   0.05242         4       640    0.9982         1    0.9958    0.8196   0.02217  0.008273  0.004981
   141/299     4.08G   0.03506   0.01485  0.006245   0.05616         7       640    0.9972         1    0.9955     0.759   0.02529    0.0093  0.005227
   142/299     4.08G   0.03231   0.01363  0.006294   0.05224         2       640    0.9981         1    0.9954     0.786    0.0237  0.009034  0.005147
   143/299     4.08G    0.0309   0.01256  0.006095   0.04956         4       640    0.9974         1    0.9956    0.8101   0.02401  0.008421  0.005029
   144/299     4.08G   0.03213   0.01359  0.006667   0.05239         7       640    0.9984         1    0.9957    0.8633   0.02207  0.007687  0.004944
   145/299     4.08G   0.03208   0.01164  0.006862   0.05058         2       640    0.9997         1    0.9955    0.8507   0.02195  0.007693  0.004935
   146/299     4.08G   0.03267   0.01223  0.006573   0.05147         2       640    0.9993         1    0.9957    0.8637   0.02165  0.007342  0.004782
   147/299     4.08G   0.03253   0.01237  0.006177   0.05108         4       640    0.9988         1    0.9961     0.853   0.02304  0.007609  0.004876
   148/299     4.08G   0.03446   0.01283  0.006714   0.05401         5       640    0.9985         1    0.9958    0.8493   0.02181  0.007344  0.004809
   149/299     4.08G   0.03267   0.01249  0.006705   0.05186         5       640    0.9993         1    0.9953    0.8284   0.02348  0.008071  0.004886
   150/299     4.08G   0.03287    0.0116  0.006355   0.05082         4       640    0.9984         1    0.9955     0.825   0.02362  0.008704  0.004894
   151/299     4.08G   0.03267   0.01181  0.007147   0.05163         3       640    0.9916         1    0.9952    0.8226   0.02347  0.008312   0.00494
   152/299     4.08G   0.03243    0.0135  0.006773   0.05271         6       640    0.9982         1     0.996    0.8514     0.022  0.007338  0.004764
   153/299     4.08G   0.03021   0.01381  0.005891   0.04991         7       640    0.9993         1    0.9959    0.8163   0.02267  0.007627  0.004695
   154/299     4.08G   0.03004   0.01141  0.006693   0.04813         2       640    0.9989         1    0.9962    0.8551   0.02221  0.007031  0.004681
   155/299     4.08G   0.03262   0.01388  0.007197    0.0537         8       640    0.9978         1    0.9961    0.8618   0.02193  0.007155  0.004798
   156/299     4.08G   0.03099   0.01342  0.006394    0.0508         8       640    0.9996         1    0.9958    0.8611    0.0217  0.007284  0.004797
   157/299     4.08G   0.02848   0.01161  0.006132   0.04622         4       640    0.9985         1    0.9962    0.8471   0.02152  0.007208  0.004731
   158/299     4.08G   0.03141   0.01234  0.006472   0.05021         7       640    0.9977         1    0.9963    0.8243   0.02183  0.007198   0.00472
   159/299     4.08G   0.03046   0.01078  0.006614   0.04786         2       640    0.9982         1    0.9959    0.8456   0.02094  0.007343  0.004911
   160/299     4.08G   0.02948   0.01184  0.006299   0.04762         2       640     0.999         1    0.9962     0.863   0.02062  0.007049  0.004729
   161/299     4.08G   0.03233   0.01352  0.006688   0.05254         7       640    0.9997         1    0.9962    0.8695   0.02106  0.007324  0.004733
   162/299     4.08G   0.03143   0.01099  0.007085    0.0495         2       640    0.9996         1    0.9959    0.8363   0.02239  0.008435  0.004867
   163/299     4.08G   0.03287   0.01316  0.007039   0.05306         6       640    0.9994         1    0.9961      0.86   0.02076  0.007836  0.004781
   164/299     4.08G   0.03052   0.01292  0.006566   0.05001         8       640    0.9993         1    0.9963    0.8431   0.02102  0.007283  0.004723
   165/299     4.08G   0.03046   0.01203   0.00665   0.04914         6       640    0.9994         1    0.9963    0.8652   0.02132  0.007182  0.004674
   166/299     4.08G   0.03075   0.01322  0.006842   0.05082         7       640    0.9992         1    0.9958    0.8521   0.02207  0.007221   0.00466
   167/299     4.08G   0.03208   0.01151  0.007363   0.05094         4       640    0.9987         1    0.9961    0.8182   0.02369  0.007129  0.004747
   168/299     4.08G   0.03092   0.01253  0.007479   0.05092         8       640    0.9991         1    0.9959    0.8679   0.02231  0.007138  0.004708
   169/299     4.08G   0.02973    0.0108  0.006299   0.04683         2       640    0.9991         1     0.996    0.8328   0.02309  0.006995  0.004739
   170/299     4.08G   0.02991    0.0114  0.006312   0.04762         4       640     0.999         1    0.9961    0.8594   0.02125  0.006947   0.00471
   171/299     4.08G   0.02726   0.01133  0.005564   0.04416         2       640    0.9985         1    0.9963    0.8572   0.02068  0.006855  0.004718
   172/299     4.08G   0.02754   0.01115  0.006356   0.04505         2       640    0.9984         1    0.9963     0.878   0.02011  0.007038   0.00482
   173/299     4.08G   0.03017   0.01276  0.006258   0.04918         5       640    0.9985         1    0.9961    0.7774   0.02459  0.007511  0.004836
   174/299     4.08G   0.03056   0.01116  0.006477    0.0482         4       640    0.9987         1    0.9959    0.8599   0.02107  0.007207  0.004727
   175/299     4.08G    0.0297   0.01104  0.006385   0.04713         2       640    0.9993         1     0.996    0.8833   0.01971    0.0069  0.004715
   176/299     4.08G   0.02904   0.01277  0.006114   0.04793         8       640     0.999         1     0.996    0.8766   0.02036  0.007384   0.00483
   177/299     4.08G    0.0271   0.01064  0.005835   0.04357         2       640    0.9993         1    0.9956    0.8492   0.02171  0.007607  0.004763
   178/299     4.08G   0.02819   0.01001  0.006407   0.04461         2       640     0.999         1    0.9961    0.8679   0.02032  0.006821  0.004704
   179/299     4.08G   0.02987   0.01004  0.005585    0.0455         1       640    0.9991         1    0.9955    0.8645   0.02117  0.007983  0.004901
   180/299     4.08G   0.02944   0.01086  0.007525   0.04782         2       640    0.9989         1    0.9962    0.8294   0.02189  0.007073  0.004743
   181/299     4.08G   0.02837   0.01176  0.006012   0.04614         4       640    0.9988         1    0.9962    0.8835   0.02028  0.006648  0.004584
   182/299     4.08G   0.03156   0.01051  0.007289   0.04936         1       640    0.9983         1    0.9963    0.8769   0.02074  0.006694  0.004631
   183/299     4.08G    0.0288   0.01069  0.005598    0.0451         2       640     0.998         1    0.9962    0.8915    0.0206  0.007914  0.004994
   184/299     4.08G   0.02739   0.01069   0.00624   0.04432         4       640     0.999         1    0.9961    0.8391    0.0212  0.006829   0.00462
   185/299     4.08G   0.02857   0.01232  0.006524   0.04742         8       640    0.9989         1    0.9962    0.8865      0.02  0.006602  0.004615
   186/299     4.08G    0.0278     0.012    0.0066    0.0464         6       640     0.999         1    0.9962    0.8851    0.0201  0.006742  0.004697
   187/299     4.08G   0.02705   0.01086   0.00555   0.04346         3       640    0.9989         1    0.9962    0.8778   0.02048   0.00699  0.004697
   188/299     4.08G   0.02814  0.009848  0.006128   0.04411         2       640    0.9984         1    0.9963    0.8951   0.01938  0.006647  0.004544
   189/299     4.08G    0.0291  0.009858  0.006561   0.04552         2       640     0.999         1    0.9962    0.8778   0.02022  0.006699  0.004575
   190/299     4.08G   0.02777   0.01223  0.005843   0.04585         6       640    0.9988         1    0.9961     0.883   0.01971  0.006932  0.004604
   191/299     4.08G    0.0277    0.0105  0.006618   0.04482         4       640    0.9986         1    0.9953    0.8085   0.02295  0.008732  0.004689
   192/299     4.08G   0.02768   0.01051  0.005677   0.04386         3       640    0.9991         1    0.9963    0.8893   0.02011  0.006506  0.004528
   193/299     4.08G   0.02816   0.01168  0.006234   0.04608         6       640    0.9988         1    0.9964    0.8534   0.02123  0.006608  0.004505
   194/299     4.08G   0.02816   0.01114  0.006475   0.04578         5       640    0.9989         1    0.9964    0.8783   0.01928  0.006227  0.004519
   195/299     4.08G   0.02682   0.00984  0.005732   0.04239         2       640    0.9988         1    0.9963    0.8549   0.01993  0.006134  0.004472
   196/299     4.08G   0.02664   0.01106  0.006318   0.04402         7       640    0.9995         1    0.9963    0.8763   0.01961  0.006769  0.004505
   197/299     4.08G   0.02987   0.01138  0.007108   0.04836         5       640    0.9987         1    0.9963     0.873   0.01953  0.006127  0.004436
   198/299     4.08G   0.02729  0.009993  0.005813    0.0431         1       640    0.9991         1    0.9963    0.8833   0.01981  0.006198  0.004479
   199/299     4.08G   0.02639   0.01185  0.005652   0.04389         5       640    0.9999         1    0.9963    0.8885   0.01941   0.00695  0.004548
   200/299     4.08G   0.02396  0.009617   0.00539   0.03897         0       640    0.9995         1    0.9964    0.8935   0.01958  0.006634   0.00444
   201/299     4.08G   0.02663   0.01114     0.006   0.04376         6       640    0.9991         1    0.9963    0.9062   0.01847  0.005826  0.004388
   202/299     4.08G   0.02641   0.01022  0.006143   0.04277         2       640    0.9987         1    0.9962    0.8988   0.01936  0.006452  0.004456
   203/299     4.08G   0.02571  0.009384  0.005903   0.04099         2       640    0.9989         1    0.9959    0.8659   0.02011  0.007087  0.004484
   204/299     4.08G   0.02643   0.01034  0.005656   0.04242         3       640    0.9991         1    0.9963    0.8702   0.01998  0.006289  0.004442
   205/299     4.08G   0.02661  0.009423  0.006389   0.04242         2       640    0.9991         1    0.9964    0.8869   0.01934  0.006189  0.004461
   206/299     4.08G   0.02509   0.01012  0.005535   0.04074         2       640     0.999         1    0.9962    0.8977   0.01908  0.006032  0.004435
   207/299     4.08G   0.02671  0.009461  0.005591   0.04176         1       640    0.9992         1    0.9958    0.8937   0.01901  0.006492  0.004517
   208/299     4.08G   0.02617   0.01056  0.005876   0.04261         6       640    0.9991         1    0.9963    0.8982     0.019  0.006573  0.004531
   209/299     4.08G   0.02806   0.01156  0.006356   0.04597         8       640    0.9994         1    0.9963    0.9075   0.01846  0.005969  0.004446
   210/299     4.08G   0.02549  0.009599  0.006174   0.04127         4       640     0.999         1    0.9962    0.9051   0.01847  0.006109  0.004444
   211/299     4.08G   0.02372  0.008922  0.005207   0.03785         1       640    0.9991         1    0.9962    0.9013   0.01817  0.006021  0.004459
   212/299     4.08G   0.02578   0.01083  0.006039   0.04265         5       640     0.999         1    0.9963     0.891   0.01852  0.006171  0.004534
   213/299     4.08G   0.02713   0.01085  0.005985   0.04397         6       640    0.9992         1    0.9962    0.8916   0.01902  0.006196  0.004569
   214/299     4.08G   0.02515  0.009681  0.005607   0.04044         2       640     0.999         1    0.9963    0.9027   0.01827  0.006201   0.00458
   215/299     4.08G   0.02657   0.01101  0.006593   0.04418         6       640    0.9989         1    0.9964    0.9063   0.01814  0.006009  0.004439
   216/299     4.08G   0.02552   0.01072   0.00579   0.04203         6       640    0.9994         1    0.9964    0.9037   0.01836  0.005793   0.00447
   217/299     4.08G   0.02553  0.009758  0.006371   0.04166         4       640     0.999         1    0.9964    0.9008   0.01804  0.005757  0.004441
   218/299     4.08G   0.02721   0.01114  0.006418   0.04476         6       640    0.9992         1    0.9964    0.9077   0.01811  0.006001  0.004485
   219/299     4.08G   0.02461  0.009686  0.005511   0.03981         4       640    0.9982         1    0.9961    0.8653   0.01936  0.006706  0.004617
   220/299     4.08G    0.0269   0.01114  0.006692   0.04473         7       640    0.9991         1    0.9963    0.8931   0.01877  0.005742  0.004427
   221/299     4.08G   0.02561  0.009466  0.006714   0.04179         2       640    0.9992         1    0.9964    0.9069   0.01853  0.005634  0.004398
   222/299     4.08G   0.02558   0.01095  0.006155   0.04268         6       640    0.9995         1    0.9963    0.9064   0.01859   0.00574  0.004472
   223/299     4.08G   0.02524  0.009634   0.00633   0.04121         4       640    0.9991         1    0.9964    0.9157   0.01821  0.005831  0.004491
   224/299     4.08G    0.0247   0.01001  0.005644   0.04036         4       640    0.9989         1    0.9964    0.8894   0.01875  0.005832  0.004457
   225/299     4.08G   0.02521  0.009027  0.006118   0.04036         2       640    0.9987         1    0.9964    0.8942    0.0185  0.005776  0.004384
   226/299     4.08G   0.02473   0.01047  0.005354   0.04055         6       640     0.999         1    0.9964    0.9082   0.01829  0.005714  0.004334
   227/299     4.08G   0.02612   0.01024  0.006498   0.04286         4       640    0.9994         1    0.9965    0.9083   0.01823  0.005903  0.004343
   228/299     4.08G   0.02482   0.01016  0.005422   0.04039         4       640    0.9993         1    0.9965    0.9184   0.01806   0.00615  0.004342
   229/299     4.08G   0.02451   0.01049  0.005945   0.04095         5       640    0.9988         1    0.9965    0.9096   0.01852  0.005908  0.004311
   230/299     4.08G   0.02573  0.009371   0.00504   0.04014         1       640    0.9993         1    0.9965    0.9093   0.01858  0.005746  0.004343
   231/299     4.08G   0.02535   0.01026  0.005371   0.04097         2       640    0.9993         1    0.9965    0.8987   0.01894  0.006008  0.004371
   232/299     4.08G   0.02756   0.01101  0.006742   0.04531         8       640    0.9991         1    0.9965    0.8958    0.0187  0.005722  0.004341
   233/299     4.08G   0.02624   0.01077  0.006193    0.0432         7       640    0.9994         1    0.9964    0.8815   0.02001  0.006378  0.004373
   234/299     4.08G   0.02221  0.009037  0.004963   0.03621         0       640    0.9991         1    0.9965    0.9039   0.01909  0.005682  0.004272
   235/299     4.08G   0.02454   0.00958  0.005978    0.0401         4       640     0.998         1    0.9964    0.9132   0.01825  0.006176  0.004384
   236/299     4.08G   0.02372  0.008746  0.005835    0.0383         2       640    0.9987         1    0.9964    0.9174   0.01791  0.005682  0.004307
   237/299     4.08G   0.02548   0.01018  0.006259   0.04192         6       640    0.9988         1    0.9965    0.9008   0.01829  0.005763  0.004281
   238/299     4.08G   0.02411   0.00905  0.005829   0.03899         2       640     0.999         1    0.9965     0.901   0.01814   0.00587  0.004337
   239/299     4.08G   0.02477   0.01086  0.005803   0.04143         8       640    0.9988         1    0.9964    0.8977   0.01855  0.005652  0.004357
   240/299     4.08G   0.02424   0.01006   0.00564   0.03995         6       640    0.9992         1    0.9965    0.9118   0.01826  0.005593  0.004366
   241/299     4.08G   0.02352  0.009645   0.00534    0.0385         2       640    0.9992         1    0.9965    0.9037   0.01796  0.005585   0.00434
   242/299     4.08G   0.02555    0.0112  0.006323   0.04308         7       640    0.9991         1    0.9965    0.9074   0.01803  0.006028  0.004394
   243/299     4.08G   0.02355  0.009158  0.005092    0.0378         2       640    0.9991         1    0.9965    0.9055   0.01777  0.006223  0.004462
   244/299     4.08G   0.02419  0.009547  0.005879   0.03962         4       640     0.999         1    0.9966    0.9031    0.0177  0.005977  0.004441
   245/299     4.08G   0.02383  0.008973  0.005532   0.03833         1       640     0.999         1    0.9965    0.9101   0.01782  0.005617  0.004359
   246/299     4.08G   0.02389  0.009364  0.005519   0.03877         4       640    0.9992         1    0.9965    0.9121   0.01804  0.005556  0.004333
   247/299     4.08G   0.02331  0.009025  0.005317   0.03765         3       640    0.9993         1    0.9965    0.9132   0.01798  0.005806  0.004307
   248/299     4.08G   0.02517  0.009573   0.00617   0.04091         4       640    0.9994         1    0.9966    0.9089   0.01816  0.006156  0.004341
   249/299     4.08G   0.02463   0.01055   0.00599   0.04117         6       640    0.9992         1    0.9966    0.9117   0.01799  0.005623  0.004283
   250/299     4.08G   0.02516  0.009136  0.006602    0.0409         2       640    0.9989         1    0.9965    0.9147   0.01821  0.006196  0.004384
   251/299     4.08G   0.02118  0.008895  0.005178   0.03526         0       640    0.9991         1    0.9964    0.9126   0.01819   0.00656  0.004617
   252/299     4.08G   0.02398  0.008921  0.006054   0.03895         2       640    0.9995         1    0.9965      0.92   0.01753  0.005518  0.004345
   253/299     4.08G   0.02401  0.009626  0.006086   0.03972         2       640    0.9995         1    0.9965    0.9214    0.0179   0.00566  0.004324
   254/299     4.08G   0.02481  0.008966  0.006581   0.04036         2       640    0.9994         1    0.9965    0.9167   0.01776  0.005316  0.004271
   255/299     4.08G   0.02409  0.009786   0.00602   0.03989         6       640    0.9991         1    0.9966    0.9196   0.01804  0.005658  0.004281
   256/299     4.08G   0.02403   0.01066  0.005786   0.04048         7       640    0.9994         1    0.9966    0.9035   0.01832  0.005903  0.004345
   257/299     4.08G   0.02431   0.00929  0.005566   0.03916         2       640    0.9992         1    0.9964    0.9074   0.01813  0.005876  0.004345
   258/299     4.08G   0.02431  0.009464  0.005986   0.03976         3       640    0.9993         1    0.9965    0.9172   0.01784  0.005466  0.004248
   259/299     4.08G   0.02327   0.01009  0.005148   0.03851         4       640    0.9993         1    0.9966    0.9162   0.01784  0.005688  0.004225
   260/299     4.08G   0.02477   0.01069  0.006265   0.04173         8       640    0.9992         1    0.9966    0.9151     0.018  0.005615  0.004286
   261/299     4.08G   0.02428   0.01067  0.005977   0.04093         8       640    0.9989         1    0.9966    0.9154   0.01792  0.005569   0.00432
   262/299     4.08G   0.02289  0.009289  0.005221    0.0374         2       640    0.9987         1    0.9965    0.9129   0.01789  0.005879  0.004362
   263/299     4.08G   0.02444   0.01032  0.005564   0.04032         4       640    0.9989         1    0.9965    0.9175   0.01767  0.005861  0.004306
   264/299     4.08G   0.02347  0.008769  0.005616   0.03785         2       640     0.999         1    0.9966    0.9232   0.01755  0.005762  0.004289
   265/299     4.08G   0.02367  0.008534    0.0048     0.037         1       640    0.9992         1    0.9965    0.9253   0.01751  0.005423  0.004262
   266/299     4.08G   0.02577   0.01168  0.006436   0.04389         8       640     0.999         1    0.9966    0.9266   0.01724  0.005198  0.004237
   267/299     4.08G   0.02482  0.009773  0.006569   0.04116         8       640    0.9992         1    0.9965    0.9173   0.01772  0.005685   0.00427
   268/299     4.08G   0.02299  0.009725  0.005587    0.0383         4       640    0.9994         1    0.9966    0.9099   0.01778  0.005825  0.004252
   269/299     4.08G   0.02452   0.01095  0.005937   0.04141         7       640    0.9993         1    0.9966    0.9076    0.0183   0.00593  0.004262
   270/299     4.08G   0.02463  0.009497  0.006353   0.04047         4       640    0.9994         1    0.9965    0.9144   0.01807  0.005636  0.004279
   271/299     4.08G   0.02492   0.01144  0.006094   0.04246         6       640    0.9993         1    0.9965    0.9106   0.01801  0.005587  0.004295
   272/299     4.08G   0.02263  0.009518  0.005473   0.03762         5       640    0.9989         1    0.9966    0.9223   0.01755  0.005635  0.004256
   273/299     4.08G   0.02291  0.009437  0.005442   0.03779         4       640     0.999         1    0.9965    0.9177   0.01743   0.00595  0.004246
   274/299     4.08G   0.02411  0.009519  0.006006   0.03964         4       640    0.9996         1    0.9966    0.9191   0.01766  0.005748   0.00426
   275/299     4.08G   0.02431  0.008845  0.007004   0.04016         2       640    0.9992         1    0.9966    0.9298   0.01724  0.005569  0.004295
   276/299     4.08G   0.02505  0.008966  0.006762   0.04078         2       640    0.9992         1    0.9966    0.9284   0.01745  0.005721  0.004325
   277/299     4.08G    0.0221  0.008091  0.004681   0.03487         2       640    0.9991         1    0.9966    0.9134   0.01801  0.005879  0.004332
   278/299     4.08G   0.02399   0.01041  0.006147   0.04055         8       640     0.999         1    0.9966    0.9036    0.0186  0.005887  0.004354
   279/299     4.08G   0.02224  0.008634  0.005185   0.03606         2       640    0.9993         1    0.9966    0.9094   0.01806  0.005251  0.004261
   280/299     4.08G   0.02318  0.009485   0.00553    0.0382         3       640    0.9994         1    0.9966     0.912   0.01791  0.005319  0.004256
   281/299     4.08G   0.02192  0.008787  0.005021   0.03573         3       640    0.9993         1    0.9966    0.9138   0.01782  0.005504  0.004306
   282/299     4.08G   0.02443  0.009702  0.006048   0.04018         6       640    0.9996         1    0.9966    0.9209   0.01697  0.005025  0.004235
   283/299     4.08G   0.02367  0.009703  0.005818   0.03919         8       640    0.9993         1    0.9966    0.9317    0.0175  0.005106  0.004232
   284/299     4.08G   0.02479   0.01031  0.006114   0.04122         7       640    0.9994         1    0.9966    0.9292   0.01704  0.005248  0.004157
   285/299     4.08G   0.02323  0.008721  0.005911   0.03787         3       640    0.9992         1    0.9966    0.9256   0.01704  0.005128  0.004206
   286/299     4.08G   0.02277  0.008938  0.005878   0.03759         2       640    0.9991         1    0.9966    0.9152   0.01731  0.005308  0.004211
   287/299     4.08G   0.02264  0.008688  0.005471    0.0368         2       640    0.9995         1    0.9965    0.9138    0.0181  0.006142   0.00429
   288/299     4.08G   0.02465   0.01006  0.005877   0.04059         4       640     0.999         1    0.9966    0.9087   0.01774  0.006011  0.004307
   289/299     4.08G   0.02366  0.008782  0.006102   0.03855         4       640    0.9995         1    0.9966    0.9167   0.01759  0.005281   0.00423
   290/299     4.08G    0.0226  0.008669   0.00521   0.03648         2       640    0.9993         1    0.9966    0.9236   0.01763  0.005789  0.004223
   291/299     4.08G    0.0223  0.008095  0.005549   0.03594         2       640    0.9985         1    0.9967    0.9285   0.01733  0.006006  0.004266
   292/299     4.08G   0.02321  0.009248  0.005046    0.0375         2       640    0.9983         1    0.9966    0.9142   0.01778  0.006033  0.004294
   293/299     4.08G   0.02235  0.009999  0.005424   0.03778         8       640    0.9988         1    0.9965    0.9133   0.01753  0.005811  0.004318
   294/299     4.08G   0.02424   0.00976  0.006177   0.04018         7       640     0.999         1    0.9966    0.9117   0.01792  0.006118  0.004405
   295/299     4.08G   0.02227  0.008816  0.005325   0.03641         2       640     0.999         1    0.9966    0.9181   0.01754  0.005821  0.004405
   296/299     4.08G     0.024  0.009148  0.006092   0.03924         4       640    0.9995         1    0.9965    0.9164   0.01748  0.005276  0.004273
   297/299     4.08G   0.02288  0.008068   0.00562   0.03656         2       640    0.9995         1    0.9966    0.9168   0.01757  0.005296  0.004278
   298/299     4.08G    0.0231  0.009136  0.005442   0.03767         3       640    0.9995         1    0.9966    0.9162   0.01778   0.00533   0.00426
   299/299     4.08G   0.02335  0.008339   0.00585   0.03754         2       640    0.9994         1    0.9965    0.9077   0.01766  0.005628  0.004235
