     0/299     2.25G    0.1165   0.03352   0.03109    0.1811        61       640  0.002976       0.5  0.003551  0.001148    0.1053   0.02773   0.02736
     1/299     3.32G    0.1113     0.035   0.03016    0.1765        73       640  0.003292    0.5417  0.003141 0.0006875   0.09761    0.0275   0.02674
     2/299     3.33G    0.1042   0.03726    0.0293    0.1707        76       640  0.002728    0.4583  0.002735  0.000349   0.08851    0.0274   0.02612
     3/299     3.33G   0.09502   0.03761   0.02745    0.1601        66       640         0         0         0         0   0.08018   0.02775   0.02544
     4/299     3.33G   0.08799   0.03825   0.02654    0.1528        63       640         0         0         0         0   0.07257   0.02877   0.02481
     5/299     3.33G   0.08275    0.0405   0.02582    0.1491        78       640         0         0         0         0   0.06824   0.02933   0.02425
     6/299     3.33G   0.08169   0.04173   0.02531    0.1487        74       640         0         0         0         0    0.0682   0.02873   0.02379
     7/299     3.33G   0.07984   0.04297   0.02479    0.1476        67       640         0         0         0         0   0.06866   0.02822   0.02338
     8/299     3.33G   0.07856   0.04233   0.02391    0.1448        76       640         0         0         0         0   0.06922   0.02805   0.02294
     9/299     3.33G   0.08014   0.04137   0.02447     0.146        51       640         0         0         0         0   0.06979   0.02788   0.02261
    10/299     3.33G   0.07776   0.04015   0.02397    0.1419        63       640         0         0         0         0   0.07011   0.02789   0.02231
    11/299     3.33G    0.0766   0.04175   0.02348    0.1418        85       640         0         0         0         0   0.06925   0.02814   0.02202
    12/299     3.33G   0.07649   0.04428    0.0231    0.1439        60       640         0         0         0         0   0.07058   0.02779   0.02173
    13/299     3.33G   0.07758   0.03983   0.02306    0.1405        54       640         0         0         0         0   0.06997   0.02781   0.02148
    14/299     3.33G   0.07774   0.04153   0.02323    0.1425        75       640         0         0         0         0   0.06852   0.02791   0.02127
    15/299     3.33G   0.07771   0.04165   0.02328    0.1426        72       640         0         0         0         0    0.0685   0.02789   0.02109
    16/299     3.33G   0.07605    0.0397   0.02235    0.1381        61       640         0         0         0         0   0.06905   0.02784   0.02089
    17/299     3.33G   0.07846   0.03896   0.02308    0.1405        68       640 0.0002315   0.06944 3.401e-05 3.401e-06   0.06855   0.02801   0.02071
    18/299     3.33G   0.07611   0.04193   0.02217    0.1402        71       640  0.001204    0.3611 0.0008862 8.862e-05     0.068   0.02816   0.02054
    19/299     3.33G   0.07563   0.04262   0.02194    0.1402        74       640  0.001065    0.3194 0.0007059 7.059e-05   0.06757   0.02819   0.02036
    20/299     3.33G   0.07735   0.04139    0.0224    0.1411        75       640  0.001157    0.3472  0.001029 0.0001029   0.06734   0.02819   0.02022
    21/299     3.33G   0.07587   0.04001   0.02198    0.1379        56       640 0.0009259    0.2778 0.0006341 6.341e-05   0.06749    0.0281   0.02008
    22/299     3.33G   0.07645   0.03953   0.02215    0.1381        53       640 0.0009722    0.2917 0.0006218 6.218e-05   0.06688   0.02822   0.01995
    23/299     3.33G   0.07535    0.0418   0.02198    0.1391        74       640  0.001019    0.3056 0.0006914 6.914e-05   0.06642   0.02827   0.01982
    24/299     3.33G    0.0762   0.04607   0.02195    0.1442        80       640  0.001111    0.3333 0.0008836 8.836e-05   0.06672   0.02813   0.01972
    25/299     3.33G   0.07581   0.03692   0.02185    0.1346        44       640  0.001389    0.4167  0.001593 0.0001593   0.06589   0.02832   0.01963
    26/299     3.33G   0.07496   0.04192   0.02148    0.1384        67       640  0.001435    0.4306  0.001645 0.0001645   0.06635   0.02836   0.01952
    27/299     3.33G    0.0747   0.04015   0.02148    0.1363        77       640  0.003006    0.4722  0.003163 0.0003853   0.06536   0.02865   0.01941
    28/299     3.33G   0.07515   0.03758   0.02195    0.1347        64       640  0.002591    0.1944  0.003688 0.0005198   0.06415   0.02898   0.01931
    29/299     3.33G   0.07527   0.04045   0.02189    0.1376        58       640  0.004372    0.4306  0.004652  0.001284   0.06418   0.02898   0.01924
    30/299     3.33G   0.07429   0.04054   0.02121     0.136        62       640  0.002885       0.5  0.005489  0.001449   0.06336   0.02896   0.01914
    31/299     3.33G   0.07385   0.04148   0.02104    0.1364        69       640  0.002713       0.5  0.008132  0.002777   0.06286   0.02912   0.01904
    32/299     3.33G   0.07379   0.04268    0.0211    0.1376        83       640  0.002101       0.5  0.008106  0.003054    0.0625   0.02909   0.01894
    33/299     3.33G   0.07689   0.04008   0.02243    0.1394        64       640  0.001731       0.5   0.00782  0.002262   0.06245     0.029   0.01888
    34/299     3.33G   0.07425   0.03949   0.02116    0.1349        65       640  0.001758       0.5  0.006166  0.001284   0.06232   0.02905   0.01879
    35/299     3.33G    0.0755   0.04077   0.02173     0.138        59       640  0.001686       0.5  0.009698  0.001438   0.06253   0.02885    0.0187
    36/299     3.33G   0.07622   0.03965   0.02209     0.138        54       640  0.001683       0.5  0.007057 0.0009151   0.06257   0.02868   0.01866
    37/299     3.33G   0.07405   0.03867   0.02073    0.1335        65       640   0.00158    0.4722  0.009209  0.001591   0.06218   0.02864   0.01863
    38/299     3.33G   0.07488   0.04271   0.02164    0.1392        62       640  0.001481    0.4444   0.00363 0.0004929   0.06303   0.02818   0.01859
    39/299     3.33G   0.07405   0.04135   0.02127    0.1367        60       640  0.001481    0.4444  0.002024 0.0004119   0.06246   0.02798   0.01852
    40/299     3.33G   0.07486   0.04228   0.02175    0.1389        67       640  0.001435    0.4306  0.002546  0.000572   0.06325   0.02783    0.0185
    41/299     3.33G   0.07342   0.04172   0.02071    0.1359        83       640     0.502   0.02778  0.002901 0.0004701   0.06297   0.02784    0.0184
    42/299     3.33G   0.07203   0.04096   0.02078    0.1338        62       640    0.5027   0.06944  0.002996 0.0004059    0.0626   0.02785   0.01826
    43/299     3.33G   0.07577   0.04129   0.02252    0.1396        63       640    0.5043   0.09722  0.005505  0.000828   0.06247   0.02779    0.0182
    44/299     3.33G   0.07278    0.0413   0.02121    0.1353        79       640   0.00914    0.2361  0.009632  0.001496   0.06157   0.02805   0.01811
    45/299     3.33G   0.07228   0.04233   0.02096    0.1356        72       640    0.5095   0.01389    0.0118  0.001962   0.06061    0.0279   0.01792
    46/299     3.33G    0.0723   0.04013    0.0208    0.1332        52       640  0.004313    0.5278  0.009752  0.001938   0.06005   0.02771   0.01771
    47/299     3.33G   0.07312   0.03913   0.02119    0.1334        67       640    0.5322   0.02778   0.01735  0.003225   0.05997   0.02747   0.01752
    48/299     3.33G   0.07068    0.0377   0.02075    0.1291        51       640    0.2023   0.06944   0.08977   0.01623   0.06163   0.02672   0.01754
    49/299     3.33G   0.07364   0.03981   0.02135    0.1348        67       640    0.2073    0.2639    0.1187   0.03148    0.0609   0.02664   0.01733
    50/299     3.33G   0.07178   0.03877   0.02095    0.1315        67       640    0.1934    0.6806    0.2622     0.062    0.0591   0.02652   0.01716
    51/299     3.33G   0.07107    0.0327   0.02021     0.124        54       640    0.4095    0.5739    0.3916   0.08868   0.05882   0.02579   0.01696
    52/299     3.33G   0.07277   0.03658   0.02113    0.1305        72       640    0.3209    0.5519    0.3823   0.09825    0.0594   0.02428   0.01687
    53/299     3.33G   0.07073   0.03715   0.02112     0.129        56       640    0.2994    0.5694    0.3484   0.08344   0.05952   0.02127    0.0167
    54/299     3.33G    0.0703   0.02993   0.02028    0.1205        71       640    0.3305    0.9167      0.37    0.1005   0.05805   0.01987   0.01651
    55/299     3.33G   0.07178   0.02841   0.02105    0.1212        76       640    0.4064    0.8374    0.4839    0.1781   0.05774   0.01843   0.01653
    56/299     3.33G   0.07291   0.02613   0.02091    0.1199        72       640      0.45    0.6384    0.4759    0.1327   0.05802   0.01853   0.01656
    57/299     3.33G   0.07234   0.02763   0.02142    0.1214        66       640    0.4552    0.5556    0.4476    0.1364   0.05797   0.01691   0.01648
    58/299     3.33G   0.07039   0.02496   0.02007    0.1154        70       640    0.4994    0.5414    0.5755    0.2401   0.05746   0.01669   0.01636
    59/299     3.33G   0.07116   0.02453   0.02034     0.116        63       640    0.5158    0.7482     0.622    0.2393   0.05832   0.01828   0.01622
    60/299     3.33G    0.0714   0.02375   0.01968    0.1148        59       640    0.6514    0.6806    0.7242    0.3246   0.05627   0.01533   0.01593
    61/299     3.33G   0.06881   0.02418   0.02018    0.1132        74       640    0.9167    0.6226    0.8221    0.4212   0.05597   0.01477   0.01577
    62/299     3.33G   0.06971   0.02495   0.02067    0.1153        86       640    0.7999    0.7634    0.8389    0.3942   0.05602   0.01444   0.01587
    63/299     3.33G    0.0706   0.02168   0.02039    0.1127        68       640    0.4785    0.8185    0.6725    0.3123   0.05582   0.01442   0.01597
    64/299     3.33G   0.06965   0.02259    0.0195    0.1118        66       640    0.8187    0.7639    0.8416    0.3061   0.05838   0.01512   0.01597
    65/299     3.33G   0.06806   0.02102   0.01926    0.1083        65       640    0.8629    0.8056     0.878     0.467    0.0556   0.01676   0.01581
    66/299     3.33G   0.06687    0.0202   0.01929    0.1064        74       640    0.4472    0.5139    0.4312   0.07704   0.06581   0.01793   0.01574
    67/299     3.33G   0.06767   0.02051   0.01904    0.1072        62       640    0.7743    0.7916     0.875    0.4288   0.05667   0.01611   0.01557
    68/299     3.33G   0.06713   0.02086    0.0191    0.1071        67       640    0.8306    0.7779     0.834     0.282   0.06255   0.01954   0.01564
    69/299     3.33G   0.06641    0.0192   0.01891    0.1045        53       640    0.6348    0.7222    0.6876    0.2515   0.05593   0.01507   0.01548
    70/299     3.33G   0.06731   0.02049   0.01792    0.1057        64       640    0.7575     0.875    0.8738    0.4609   0.05396    0.0134   0.01529
    71/299     3.33G   0.06656   0.02003   0.01886    0.1055        83       640    0.8312    0.7357    0.8644    0.3248   0.05637    0.0137   0.01524
    72/299     3.33G   0.06489   0.01887   0.01873    0.1025        59       640    0.9005     0.625    0.7894    0.3097   0.05565   0.01626   0.01546
    73/299     3.33G   0.06719   0.01918   0.01928    0.1057        61       640    0.7459    0.7361     0.832    0.3585   0.05618   0.01196    0.0153
    74/299     3.33G   0.06532     0.021   0.01904    0.1054        89       640    0.8214    0.7083    0.8234    0.3983   0.05548    0.0133   0.01541
    75/299     3.33G   0.06575   0.01923   0.01993    0.1049        81       640    0.6846    0.7778    0.8314    0.4563   0.05288   0.01154   0.01566
    76/299     3.33G   0.06562   0.01976   0.01969    0.1051        74       640    0.8117    0.8611    0.9378    0.5121   0.05211   0.01092   0.01596
    77/299     3.33G   0.06489   0.01896    0.0196    0.1034        67       640    0.8795    0.8873    0.9469    0.5826   0.05164   0.01076   0.01541
    78/299     3.33G   0.06621   0.01962   0.01923    0.1051        67       640    0.9143    0.7634    0.9194    0.4466   0.05873   0.01058   0.01567
    79/299     3.33G   0.06441   0.02053   0.01888    0.1038        90       640    0.7099    0.8328    0.8687    0.4118   0.05422   0.01077   0.01575
    80/299     3.33G   0.06378   0.01834     0.019    0.1011        67       640    0.8442    0.8317    0.9188    0.4206   0.05268   0.01114   0.01573
    81/299     3.33G   0.06297    0.0184   0.01875    0.1001        62       640    0.9443    0.8821    0.9828    0.4556   0.05764   0.01083    0.0158
    82/299     3.33G    0.0636   0.01916   0.01883    0.1016        69       640    0.7101     0.875    0.8764    0.3216   0.05699   0.01095    0.0162
    83/299     3.33G   0.06485    0.0188   0.01888    0.1025        60       640    0.6394    0.9028    0.7697    0.3295   0.05364   0.01008   0.01586
    84/299     3.33G   0.06262   0.01869   0.01857   0.09988        78       640    0.7657         1    0.9648    0.5327    0.0502  0.009929   0.01554
    85/299     3.33G   0.06354   0.01832   0.01928    0.1011        76       640    0.9227    0.8889     0.985    0.4887   0.05274   0.01015    0.0154
    86/299     3.33G   0.06309   0.01784   0.01868   0.09962        59       640    0.8702     0.853    0.8986    0.4961    0.0519   0.01144   0.01513
    87/299     3.33G   0.06422   0.01676   0.01883   0.09981        60       640    0.8281    0.7368    0.8743    0.5838   0.04988   0.01201   0.01542
    88/299     3.33G   0.06416   0.01784   0.01876    0.1008        65       640    0.7668    0.7768    0.8471    0.5145   0.05219   0.01103   0.01552
    89/299     3.33G   0.06148    0.0187   0.01818   0.09837        65       640    0.8574    0.7778    0.9368    0.3763   0.05252   0.01159   0.01599
    90/299     3.33G   0.06235   0.01828   0.01837     0.099        77       640    0.7871    0.9289    0.9393    0.4482   0.05267   0.01082   0.01546
    91/299     3.33G   0.06222   0.01873    0.0185   0.09945        65       640    0.8147    0.9379    0.9675    0.5018   0.05138    0.0115   0.01523
    92/299     3.33G   0.06135   0.01708   0.01834   0.09676        59       640    0.9066    0.9996    0.9905    0.5021   0.05101   0.01164   0.01518
    93/299     3.33G   0.06147   0.01781   0.01822    0.0975        57       640    0.9361     0.927     0.991    0.5861   0.04908   0.01004   0.01524
    94/299     3.33G    0.0616   0.01655   0.01798   0.09613        61       640    0.8773    0.9028    0.9559    0.7122   0.04808  0.009934    0.0152
    95/299     3.33G   0.06085   0.01827   0.01782   0.09693        68       640    0.9995    0.9232      0.97    0.5531   0.04923    0.0106   0.01494
    96/299     3.33G   0.06297   0.01761   0.01805   0.09863        71       640    0.9372    0.8056    0.9047    0.5641   0.05246    0.0108   0.01495
    97/299     3.33G   0.05904   0.01597   0.01784   0.09285        52       640    0.9706    0.8474    0.9593    0.5845   0.04932   0.01014   0.01504
    98/299     3.33G   0.06014   0.01851   0.01772   0.09638        78       640    0.9106    0.8472    0.9087    0.6172    0.0515   0.01079   0.01494
    99/299     3.33G   0.05953   0.01663   0.01786   0.09402        57       640    0.9834    0.9551    0.9849    0.6089   0.04941   0.00967   0.01508
   100/299     3.33G   0.06506   0.01655   0.01781   0.09943        70       640    0.6353    0.7402    0.7141    0.1488    0.0568   0.01172   0.01531
   101/299     3.33G   0.06592   0.01941   0.01828    0.1036        69       640    0.8536    0.9583    0.9407    0.2835   0.05782   0.01087   0.01542
   102/299     3.33G   0.06935   0.01737   0.01831     0.105        66       640     0.472    0.8329    0.7981    0.3577   0.05798   0.01027   0.01494
   103/299     3.33G   0.06382   0.02068   0.01806    0.1026        79       640    0.7678    0.9195    0.9846    0.3995   0.05437  0.009779   0.01488
   104/299     3.33G   0.05976   0.01728   0.01789   0.09493        66       640    0.8179    0.8544    0.9486     0.406   0.05591   0.01002   0.01493
   105/299     3.33G   0.06603   0.01792   0.01726    0.1012        72       640    0.7666    0.8736    0.8827    0.5532   0.05201   0.01171   0.01514
   106/299     3.33G   0.06232   0.01784   0.01799   0.09815        55       640    0.7168    0.9979    0.9571     0.353   0.05794  0.009269   0.01516
   107/299     3.33G   0.06033   0.01649   0.01684   0.09366        62       640     0.665    0.7778    0.6785    0.2481   0.05676  0.009886   0.01539
   108/299     3.33G   0.06404   0.01769   0.01701   0.09873        73       640    0.8631    0.7289    0.8665    0.4363   0.05191    0.0105   0.01503
   109/299     3.33G   0.06328   0.01821   0.01785   0.09934        67       640    0.9157    0.8472    0.9432    0.4086   0.05838  0.009624   0.01532
   110/299     3.33G   0.06552    0.0161   0.01795   0.09956        66       640    0.9818    0.8886    0.9739     0.609   0.05339   0.01327   0.01504
   111/299     3.33G   0.06091   0.01769   0.01739   0.09599        80       640    0.9999    0.9913     0.995    0.5061   0.05077   0.01201   0.01506
   112/299     3.33G   0.06172    0.0161   0.01711   0.09493        56       640    0.8931    0.8595    0.9306    0.6225   0.04798   0.01193   0.01489
   113/299     3.33G   0.06323   0.01819   0.01739   0.09881        72       640    0.5195    0.7867    0.4985    0.2926   0.05338   0.01804   0.01524
   114/299     3.33G    0.0587   0.01662   0.01679   0.09211        57       640    0.9574    0.8333     0.926    0.5659   0.05103   0.01304   0.01489
   115/299     3.33G    0.0605    0.0171   0.01648   0.09409        80       640    0.7918     0.875     0.872     0.437   0.05282   0.01301   0.01497
   116/299     3.33G   0.05871    0.0173   0.01712   0.09313        72       640    0.3999    0.6244    0.5825    0.3924   0.05248   0.01028   0.01484
   117/299     3.33G   0.05958   0.01642   0.01628   0.09228        69       640    0.7893    0.9306    0.9763    0.6368   0.05282   0.01003   0.01491
   118/299     3.33G   0.05882   0.01579   0.01635   0.09096        63       640    0.9563    0.9997     0.993    0.6448   0.04954  0.009981    0.0147
   119/299     3.33G   0.05955   0.01563   0.01689   0.09207        70       640    0.9624    0.9166    0.9863    0.5851   0.05173  0.009584   0.01484
   120/299     3.33G   0.05802   0.01716   0.01637   0.09155        68       640    0.9432    0.9994     0.995    0.5909   0.05367   0.01024   0.01467
   121/299     3.33G   0.06169   0.01824   0.01685   0.09677        93       640    0.9627    0.9028    0.9659    0.6957    0.0477   0.01311   0.01484
   122/299     3.33G    0.0552   0.01761   0.01615   0.08895        71       640     0.861    0.9861    0.9937    0.5151   0.05191   0.01026   0.01501
   123/299     3.33G   0.06059   0.01674   0.01601   0.09334        78       640    0.7309    0.9816    0.9825    0.3553   0.06028   0.01102   0.01502
   124/299     3.33G   0.06077   0.01708    0.0165   0.09435        73       640    0.9625    0.9862     0.994    0.6715   0.04949  0.009542   0.01469
   125/299     3.33G   0.06111   0.01683   0.01687   0.09482        79       640    0.8443         1    0.9687    0.6329   0.04986   0.01021   0.01473
   126/299     3.33G     0.055   0.01675   0.01615    0.0879        78       640    0.9865     0.993     0.995    0.6724   0.04782  0.009536   0.01502
   127/299     3.33G   0.05667   0.01616   0.01538   0.08821        66       640    0.8886    0.9306     0.963    0.4632   0.05232   0.01058   0.01508
   128/299     3.33G   0.05764   0.01684   0.01591   0.09039        66       640    0.8349    0.9586    0.9767    0.4738   0.05136   0.00938   0.01549
   129/299     3.33G   0.06064   0.01713   0.01611   0.09389        76       640    0.9287    0.9715    0.9837    0.4526   0.05499   0.01012   0.01487
   130/299     3.33G   0.06376   0.01694   0.01664   0.09734        63       640     0.952         1     0.995    0.5675   0.04889  0.008789   0.01489
   131/299     3.33G   0.05882    0.0156   0.01573   0.09015        62       640    0.8061    0.9583    0.9871    0.4974   0.05365   0.00902   0.01501
   132/299     3.33G    0.0565    0.0161   0.01594   0.08854        55       640    0.9882    0.9722    0.9866    0.5739   0.05058  0.008756   0.01458
   133/299     3.33G   0.05621   0.01505   0.01561   0.08687        78       640    0.7914     0.875    0.9603    0.6597   0.04927   0.01013   0.01509
   134/299     3.33G   0.05465    0.0164   0.01554   0.08659        67       640    0.9795         1     0.995    0.6923   0.04853  0.009071   0.01466
   135/299     3.33G   0.05977   0.01555   0.01591   0.09124        65       640    0.9894    0.9574    0.9908    0.6628   0.04886   0.01146   0.01473
   136/299     3.33G   0.05452   0.01563   0.01647   0.08662        73       640    0.9945         1     0.995     0.618   0.04885   0.00961    0.0148
   137/299     3.33G   0.05808   0.01603   0.01548   0.08959        75       640    0.9343    0.9991    0.9878    0.5546   0.05011   0.01065   0.01477
   138/299     3.33G   0.05537   0.01526   0.01483   0.08545        56       640    0.9336    0.9778    0.9866    0.5939   0.05303   0.01046   0.01497
   139/299     3.33G   0.05654    0.0157   0.01488   0.08712        79       640    0.9743    0.9583    0.9925    0.6771   0.04907    0.0125   0.01497
   140/299     3.33G   0.05566   0.01539   0.01529   0.08634        62       640    0.9492    0.9412    0.9896    0.7003   0.04905     0.011   0.01463
   141/299     3.33G    0.0547   0.01447   0.01494    0.0841        73       640    0.9867    0.9766     0.995    0.6604   0.04975  0.009585    0.0146
   142/299     3.33G   0.05836   0.01572   0.01582   0.08989        76       640     0.998    0.9997     0.995    0.7264   0.04988  0.008617    0.0145
   143/299     3.33G   0.05544    0.0159   0.01515   0.08649        80       640    0.9862     0.973     0.995    0.7837   0.04588  0.009105    0.0147
   144/299     3.33G   0.05418   0.01562   0.01536   0.08516        68       640    0.9955    0.9583    0.9936    0.7274   0.04646   0.01054   0.01476
   145/299     3.33G   0.05203   0.01405   0.01434   0.08042        53       640    0.9865    0.9942     0.995    0.7615   0.04623   0.01097   0.01462
   146/299     3.33G   0.05158   0.01434   0.01498   0.08089        84       640    0.9924         1     0.995    0.6532   0.04579  0.009301   0.01445
   147/299     3.33G   0.05426   0.01453   0.01461    0.0834        62       640    0.9918         1    0.9951     0.774   0.04669  0.008405    0.0144
   148/299     3.33G   0.05619   0.01403   0.01443   0.08465        67       640    0.9863    0.9917    0.9951    0.6779   0.04604  0.008371   0.01445
   149/299     3.33G     0.056   0.01453     0.015   0.08553        59       640    0.9827    0.9723    0.9951    0.6265   0.05131  0.008269   0.01462
   150/299     3.33G   0.05682    0.0164   0.01426   0.08748        75       640    0.9765         1     0.995    0.5908   0.04679  0.008555   0.01422
   151/299     3.33G    0.0518   0.01482    0.0148   0.08142        63       640    0.9867    0.9918     0.995    0.4429   0.05051  0.008479   0.01417
   152/299     3.33G   0.05376   0.01494   0.01469   0.08339        81       640    0.9981         1     0.995    0.8016   0.04544   0.01019   0.01426
   153/299     3.33G   0.05418   0.01409   0.01408   0.08236        64       640    0.9464    0.9293    0.9698    0.6474   0.04739   0.01188   0.01444
   154/299     3.33G   0.05445   0.01504   0.01439   0.08388        79       640    0.9952    0.9861    0.9948    0.6236    0.0505      0.01   0.01438
   155/299     3.33G   0.05642   0.01446   0.01467   0.08554        80       640    0.9958    0.9999    0.9951    0.6737   0.04778  0.008313   0.01428
   156/299     3.33G   0.05147   0.01364    0.0141   0.07922        66       640    0.9923    0.9999    0.9951    0.6923   0.04585  0.007984   0.01446
   157/299     3.33G   0.05083    0.0142   0.01388   0.07891        61       640    0.9794         1    0.9872    0.6499   0.04767  0.008032   0.01456
   158/299     3.33G   0.05368   0.01471   0.01464   0.08303        56       640     0.991         1    0.9951    0.6229   0.05075  0.008518   0.01459
   159/299     3.33G   0.05461   0.01433   0.01457    0.0835        62       640    0.9801    0.9995    0.9951    0.6433   0.04834  0.008665   0.01481
   160/299     3.33G   0.05082   0.01511   0.01445   0.08038        73       640    0.9924         1     0.995    0.5852   0.05042   0.00874   0.01467
   161/299     3.33G   0.05356   0.01473   0.01449   0.08277        61       640    0.9941         1     0.995    0.6219   0.04812  0.008771   0.01445
   162/299     3.33G   0.05125   0.01261   0.01407   0.07793        67       640    0.9847    0.9444    0.9856    0.6649   0.04907   0.01399   0.01456
   163/299     3.33G   0.05157   0.01432   0.01383   0.07972        80       640    0.7723    0.8056    0.8917    0.6581   0.04793   0.01723   0.01472
   164/299     3.33G   0.05124   0.01379   0.01401   0.07903        79       640    0.9618    0.8393    0.9862    0.5501   0.04771   0.02196   0.01445
   165/299     3.33G   0.05136   0.01392   0.01319   0.07847        62       640     0.949    0.9028    0.9597    0.7043   0.04771   0.02046   0.01445
   166/299     3.33G   0.05079   0.01413   0.01405   0.07897        70       640    0.9743    0.9999     0.995    0.7742   0.04608   0.01288   0.01411
   167/299     3.33G   0.05123   0.01318   0.01415   0.07856        64       640    0.9997     0.993     0.995    0.8191   0.04609  0.009519   0.01427
   168/299     3.33G   0.05331   0.01342   0.01448   0.08121        64       640    0.9866    0.9879     0.995    0.7874    0.0451  0.009736   0.01444
   169/299     3.33G   0.05027   0.01358   0.01406   0.07791        65       640    0.9934    0.9998     0.995    0.7125   0.04744  0.009288   0.01449
   170/299     3.33G    0.0534   0.01317   0.01428   0.08085        66       640     0.992    0.9861    0.9945    0.7526   0.04716  0.008055   0.01413
   171/299     3.33G   0.05273   0.01261   0.01477   0.08011        55       640    0.9903    0.9999    0.9951    0.7406   0.05127  0.008167   0.01419
   172/299     3.33G   0.05241   0.01605   0.01376   0.08221        85       640      0.99         1    0.9951    0.7914   0.04696  0.009191   0.01413
   173/299     3.33G   0.05023   0.01235   0.01489   0.07747        53       640    0.9881         1    0.9951    0.6941   0.04565  0.008391   0.01443
   174/299     3.33G   0.05183   0.01387   0.01387   0.07957        62       640    0.9933         1    0.9951    0.7929   0.04374   0.00796    0.0142
   175/299     3.33G   0.05064   0.01366   0.01393   0.07823        80       640    0.9973    0.9999    0.9951    0.7358    0.0441  0.008034   0.01426
   176/299     3.33G   0.05131   0.01461   0.01419   0.08012        80       640    0.9977    0.9999    0.9951     0.778   0.04341  0.008413   0.01407
   177/299     3.33G   0.04806   0.01305   0.01413   0.07525        73       640    0.9944         1    0.9951    0.7081   0.04414  0.008149   0.01411
   178/299     3.33G   0.04629   0.01369   0.01339   0.07337        82       640    0.9996         1    0.9951    0.7484   0.04502    0.0072   0.01421
   179/299     3.33G   0.04915   0.01325   0.01347   0.07587        67       640     0.994         1    0.9951    0.7538   0.04339  0.007714   0.01435
   180/299     3.33G   0.04577   0.01292   0.01333   0.07202        57       640    0.9935         1    0.9951    0.7697   0.04703  0.007424    0.0145
   181/299     3.33G   0.04966   0.01418    0.0137   0.07754        76       640    0.9938         1    0.9951    0.7734   0.04611  0.007812   0.01426
   182/299     3.33G   0.05164   0.01399    0.0144   0.08003        76       640    0.9943         1    0.9951    0.8159   0.04357  0.008118   0.01407
   183/299     3.33G   0.04763   0.01256   0.01333   0.07352        71       640    0.9992         1    0.9951    0.7761    0.0425  0.007107   0.01397
   184/299     3.33G   0.05007   0.01348   0.01388   0.07743        61       640    0.9978         1    0.9951    0.8501   0.04203  0.007204   0.01388
   185/299     3.33G   0.04954   0.01209   0.01344   0.07508        54       640    0.9913         1    0.9951    0.6281   0.05072   0.00746   0.01403
   186/299     3.33G    0.0537    0.0129   0.01327   0.07987        58       640    0.9339    0.9997    0.9951    0.7876    0.0464  0.008513   0.01458
   187/299     3.33G   0.04958   0.01322   0.01415   0.07694        66       640    0.9951         1    0.9951    0.8009   0.04313  0.007804     0.014
   188/299     3.33G   0.04627   0.01299   0.01334   0.07261        68       640    0.9976         1    0.9951    0.7742   0.04333  0.007218   0.01397
   189/299     3.33G   0.04802   0.01232   0.01301   0.07335        72       640    0.9949         1    0.9951    0.6507   0.04761   0.00705   0.01388
   190/299     3.33G   0.04847   0.01286   0.01411   0.07544        73       640    0.9919         1    0.9952    0.7776   0.04248  0.006794   0.01377
   191/299     3.33G   0.04757   0.01239   0.01355   0.07351        76       640    0.9999         1    0.9952     0.748   0.04554  0.006805   0.01395
   192/299     3.33G   0.04624   0.01244   0.01316   0.07185        70       640    0.9911         1    0.9952     0.784   0.04058  0.006854   0.01386
   193/299     3.33G   0.04821   0.01236   0.01387   0.07444        73       640    0.9958         1    0.9952    0.8145   0.04148   0.00681   0.01394
   194/299     3.33G   0.04656   0.01314   0.01271   0.07241        75       640     0.989         1    0.9952    0.8321   0.04162  0.006721   0.01399
   195/299     3.33G   0.04703   0.01326   0.01322   0.07351        71       640    0.9987    0.9999    0.9954    0.7711   0.04281  0.006653   0.01387
   196/299     3.33G    0.0482   0.01204   0.01325   0.07349        66       640    0.9996         1    0.9954    0.6844   0.04234  0.006756   0.01398
   197/299     3.33G   0.04506   0.01156   0.01314   0.06975        61       640    0.9944         1    0.9953    0.8517   0.04118  0.006716   0.01398
   198/299     3.33G   0.04573   0.01162   0.01315   0.07049        70       640    0.9976         1    0.9952    0.8208   0.04022  0.006647   0.01397
   199/299     3.33G    0.0445   0.01208   0.01297   0.06954        54       640    0.9924         1    0.9952    0.8019     0.044  0.006792   0.01416
   200/299     3.33G   0.04678   0.01334   0.01331   0.07344        67       640    0.9916         1    0.9952    0.8738    0.0407  0.006537    0.0139
   201/299     3.33G   0.04253   0.01183   0.01293   0.06728        67       640    0.9925         1    0.9953    0.7726   0.04322  0.006465   0.01397
   202/299     3.33G    0.0429    0.0125   0.01235   0.06775        74       640    0.9969         1    0.9954    0.8561    0.0397  0.006294   0.01375
   203/299     3.33G   0.04552   0.01214   0.01359   0.07125        66       640    0.9996         1    0.9954    0.7169   0.04286  0.006636    0.0138
   204/299     3.33G    0.0461   0.01183   0.01256   0.07048        68       640    0.9913         1    0.9956    0.7786   0.04219   0.00643   0.01392
   205/299     3.33G   0.04589   0.01214   0.01252   0.07055        74       640    0.9895         1    0.9956     0.717   0.04644   0.00652   0.01373
   206/299     3.33G   0.04991   0.01354   0.01324   0.07669        74       640    0.9927         1    0.9954    0.7218   0.04303  0.006579   0.01361
   207/299     3.33G   0.04603   0.01122   0.01369   0.07095        64       640    0.9907         1    0.9953    0.8732   0.04235  0.006722   0.01367
   208/299     3.33G   0.04402   0.01249   0.01262   0.06913        73       640    0.9939         1    0.9952    0.8697   0.04019  0.006701   0.01379
   209/299     3.33G   0.04611   0.01237   0.01301   0.07148        68       640    0.9913         1    0.9951    0.8481   0.04157  0.006732   0.01376
   210/299     3.33G   0.04534   0.01167   0.01408   0.07109        82       640    0.9954    0.9999    0.9951     0.848   0.04077  0.007305   0.01378
   211/299     3.33G   0.04394   0.01223   0.01296   0.06913        82       640    0.9979         1    0.9951    0.8493   0.04076  0.006976   0.01371
   212/299     3.33G   0.04401   0.01206   0.01365   0.06972        75       640    0.9993         1    0.9951    0.8597   0.03927  0.006569   0.01373
   213/299     3.33G   0.04446   0.01165   0.01316   0.06927        74       640    0.9984         1    0.9951    0.8804   0.03934  0.006371   0.01365
   214/299     3.33G    0.0449     0.012   0.01346   0.07036        72       640    0.9991         1    0.9952    0.8293   0.03893   0.00613   0.01358
   215/299     3.33G   0.04455   0.01229    0.0135   0.07034        64       640    0.9987         1    0.9952     0.747     0.042  0.006141   0.01362
   216/299     3.33G   0.04446   0.01185   0.01266   0.06897        76       640    0.9966         1    0.9952    0.8865   0.03837  0.006109   0.01356
   217/299     3.33G   0.04195   0.01149   0.01233   0.06577        61       640    0.9966         1    0.9952    0.8699   0.03856  0.006399   0.01357
   218/299     3.33G   0.04404   0.01111   0.01284   0.06799        62       640     0.998         1    0.9952    0.8677   0.03808  0.006248   0.01355
   219/299     3.33G   0.04102   0.01077   0.01213   0.06392        57       640    0.9983         1    0.9952    0.8531   0.03847  0.007215   0.01359
   220/299     3.33G   0.04334   0.01173   0.01309   0.06816        64       640    0.9992         1    0.9953    0.8293   0.03844  0.006187   0.01364
   221/299     3.33G   0.04208   0.01168   0.01347   0.06723        62       640    0.9989         1    0.9953    0.7868      0.04  0.006229   0.01363
   222/299     3.33G    0.0426   0.01076   0.01314    0.0665        67       640    0.9939         1    0.9954    0.8349   0.04046  0.005993   0.01371
   223/299     3.33G   0.04477   0.01201   0.01311   0.06989        80       640    0.9923         1    0.9955    0.8936   0.03889  0.006013   0.01378
   224/299     3.33G   0.04203   0.01136   0.01294   0.06632        66       640    0.9946         1    0.9954    0.8526   0.03908  0.006025   0.01388
   225/299     3.33G   0.04458   0.01152   0.01309   0.06919        71       640    0.9942         1    0.9954    0.7026   0.04595  0.006271   0.01384
   226/299     3.33G    0.0459   0.01226   0.01349   0.07164        58       640    0.9966    0.9999    0.9955     0.866   0.03957  0.005943   0.01362
   227/299     3.33G   0.04165   0.01196   0.01257   0.06618        67       640    0.9975         1    0.9955    0.8129   0.03918  0.005969   0.01357
   228/299     3.33G   0.04078   0.01175   0.01304   0.06557        77       640    0.9968         1    0.9953    0.8943   0.03771  0.006002   0.01368
   229/299     3.33G   0.04232   0.01027   0.01314   0.06573        60       640    0.9956    0.9999    0.9953    0.7731   0.04152  0.005976   0.01369
   230/299     3.33G   0.04204   0.01073   0.01234   0.06511        58       640    0.9987         1    0.9953    0.8118   0.03939  0.005942   0.01349
   231/299     3.33G   0.04228   0.01144   0.01252   0.06624        78       640    0.9967         1    0.9953    0.7992   0.04008  0.005885   0.01353
   232/299     3.33G   0.04215   0.01132   0.01266   0.06613        68       640    0.9987         1    0.9952    0.8517   0.03879   0.00595    0.0135
   233/299     3.33G   0.04091   0.01111   0.01286   0.06488        59       640    0.9976         1    0.9953    0.8289   0.03928  0.005842   0.01362
   234/299     3.33G    0.0451    0.0112   0.01301   0.06932        64       640    0.9975         1    0.9952    0.7856   0.04105   0.00639   0.01385
   235/299     3.33G   0.04362   0.01123   0.01328   0.06813        67       640    0.9954         1    0.9953    0.8578   0.03884  0.005935   0.01365
   236/299     3.33G   0.04218   0.01141   0.01321    0.0668        70       640     0.995         1    0.9954    0.9023   0.03663  0.005622   0.01352
   237/299     3.33G   0.04212    0.0106   0.01332   0.06605        75       640    0.9986         1    0.9954    0.8699   0.03843  0.005724   0.01356
   238/299     3.33G   0.04187   0.01113   0.01278   0.06578        69       640     0.998         1    0.9954    0.8876   0.03712  0.005567    0.0136
   239/299     3.33G   0.04134   0.01142   0.01326   0.06602        55       640    0.9988         1    0.9954    0.8855   0.03727  0.005578   0.01361
   240/299     3.33G   0.04003   0.01084   0.01259   0.06346        61       640    0.9994         1    0.9954    0.8964   0.03793  0.005745   0.01377
   241/299     3.33G   0.04028   0.01088   0.01264    0.0638        56       640    0.9982         1    0.9955    0.7902   0.03914  0.005822   0.01355
   242/299     3.33G   0.04163   0.01095   0.01279   0.06537        60       640    0.9963         1    0.9955    0.8031   0.03833  0.005824   0.01357
   243/299     3.33G   0.04093   0.01116   0.01238   0.06448        59       640    0.9993         1    0.9953    0.9042   0.03765  0.005813   0.01344
   244/299     3.33G    0.0416   0.01111   0.01291   0.06562        69       640    0.9994    0.9999    0.9953    0.8312   0.03913  0.005963   0.01346
   245/299     3.33G    0.0393  0.009975   0.01247   0.06174        62       640    0.9974         1    0.9955    0.8988   0.03714  0.005617   0.01347
   246/299     3.33G      0.04   0.01027   0.01306   0.06332        67       640    0.9963         1    0.9956    0.8723   0.03797  0.005692   0.01351
   247/299     3.33G   0.04152   0.01147   0.01247   0.06545        66       640    0.9944    0.9999    0.9957    0.8412   0.03973  0.005658   0.01352
   248/299     3.33G   0.04071   0.01148   0.01196   0.06416        78       640    0.9953         1    0.9955    0.8987   0.03688  0.005676   0.01352
   249/299     3.33G   0.03895   0.01045   0.01309    0.0625        71       640    0.9943         1    0.9954    0.8912   0.03734  0.005663   0.01359
   250/299     3.33G   0.03806   0.01042   0.01228   0.06076        54       640    0.9975         1    0.9953    0.8399   0.03869  0.006028   0.01358
   251/299     3.33G   0.04041   0.01067    0.0123   0.06337        62       640    0.9969         1    0.9953    0.8487   0.03866  0.006179   0.01364
   252/299     3.33G   0.04094   0.01095   0.01321   0.06511        77       640    0.9987         1    0.9952    0.8745   0.03876  0.006482   0.01359
   253/299     3.33G   0.03869   0.01103   0.01222   0.06194        58       640    0.9999         1    0.9954    0.8938   0.03686  0.005761   0.01357
   254/299     3.33G   0.04077   0.01129   0.01348   0.06554        76       640    0.9998         1    0.9954    0.9134   0.03662  0.005415   0.01354
   255/299     3.33G   0.04048   0.01063    0.0125   0.06361        45       640    0.9983         1    0.9954    0.8647   0.03904  0.005966   0.01358
   256/299     3.33G   0.04005   0.01049   0.01287   0.06342        68       640    0.9967         1    0.9954    0.8876   0.03785  0.006044   0.01371
   257/299     3.33G   0.03909   0.01074    0.0124   0.06222        69       640    0.9976         1    0.9957    0.8691   0.03699  0.005523   0.01351
   258/299     3.33G   0.03904   0.01065   0.01322   0.06291        66       640    0.9984         1    0.9954    0.8406   0.03752  0.005709    0.0134
   259/299     3.33G   0.04081   0.01059   0.01302   0.06442        68       640    0.9986         1    0.9955    0.8712    0.0373  0.005685   0.01335
   260/299     3.33G   0.03782   0.01124   0.01133    0.0604        71       640    0.9972         1    0.9957    0.8456   0.03755  0.005659   0.01342
   261/299     3.33G   0.03941   0.01112   0.01294   0.06348        69       640    0.9969         1    0.9957    0.8427    0.0379   0.00563   0.01345
   262/299     3.33G   0.03832   0.01049   0.01211   0.06092        59       640    0.9976         1    0.9956    0.8815   0.03743  0.005385    0.0134
   263/299     3.33G   0.04072   0.01085   0.01198   0.06355        62       640    0.9999    0.9999    0.9956    0.9034   0.03701  0.005411   0.01333
   264/299     3.33G   0.04088   0.01148   0.01312   0.06548        68       640    0.9985         1    0.9955    0.9011   0.03647  0.005443   0.01332
   265/299     3.33G   0.03843  0.009984   0.01292   0.06133        62       640    0.9998         1    0.9956    0.9161   0.03621  0.005482   0.01343
   266/299     3.33G    0.0379   0.01116   0.01212   0.06117        70       640    0.9975         1    0.9957    0.8909   0.03659  0.005562    0.0135
   267/299     3.33G   0.03942   0.01092   0.01266   0.06299        81       640    0.9989         1    0.9959    0.8738   0.03721  0.005455   0.01341
   268/299     3.33G   0.03985  0.009907   0.01272   0.06248        62       640    0.9995         1    0.9961    0.9059   0.03634  0.005199   0.01336
   269/299     3.33G   0.04019   0.01085   0.01261   0.06366        71       640    0.9977    0.9999    0.9961    0.8998   0.03681  0.005387   0.01337
   270/299     3.33G   0.04003   0.01114   0.01196   0.06313        66       640    0.9988         1    0.9961    0.8413   0.03755  0.005463   0.01344
   271/299     3.33G   0.04223   0.01067   0.01396   0.06686        66       640    0.9977         1    0.9963    0.8879   0.03669  0.005215   0.01331
   272/299     3.33G   0.04131   0.01153    0.0132   0.06604        80       640    0.9992         1    0.9962    0.8993   0.03662   0.00533   0.01338
   273/299     3.33G   0.03716  0.009763    0.0119   0.05882        58       640    0.9997         1    0.9961    0.8948     0.037  0.005528   0.01353
   274/299     3.33G   0.03886   0.01036   0.01283   0.06204        77       640    0.9993         1    0.9957    0.9121   0.03695  0.005547   0.01333
   275/299     3.33G   0.03889    0.0105   0.01273   0.06212        90       640    0.9993         1    0.9957    0.9001   0.03627  0.005348   0.01331
   276/299     3.33G   0.03977   0.01076   0.01302   0.06355        54       640    0.9982         1    0.9957    0.9196   0.03658  0.005405   0.01329
   277/299     3.33G   0.03792   0.01023   0.01239   0.06054        53       640    0.9993         1    0.9958    0.9189   0.03631  0.005345   0.01337
   278/299     3.33G   0.03975   0.01018   0.01317    0.0631        61       640    0.9993         1    0.9958    0.9232   0.03602  0.005209   0.01329
   279/299     3.33G   0.03779   0.01019   0.01258   0.06056        70       640    0.9996         1    0.9956     0.927   0.03605  0.005223   0.01327
   280/299     3.33G   0.03655  0.009695    0.0116   0.05784        73       640    0.9991         1    0.9956    0.8783   0.03706  0.005372   0.01332
   281/299     3.33G   0.03923   0.01013   0.01251   0.06187        64       640    0.9993         1    0.9959    0.8903    0.0374  0.005253   0.01336
   282/299     3.33G   0.03916   0.01075    0.0124   0.06231        62       640    0.9994         1    0.9958    0.8903   0.03666   0.00528   0.01347
   283/299     3.33G   0.03727  0.009392   0.01197   0.05864        65       640    0.9982         1    0.9956     0.874   0.03797  0.005375   0.01355
   284/299     3.33G    0.0401   0.01011   0.01227   0.06249        68       640    0.9979         1    0.9956    0.8841   0.03736  0.005427   0.01348
   285/299     3.33G   0.03797   0.01117   0.01239   0.06153        70       640     0.998         1    0.9955     0.903   0.03657  0.005396    0.0136
   286/299     3.33G   0.03788  0.009959   0.01264   0.06048        59       640    0.9988         1    0.9956    0.9103   0.03674  0.005377   0.01353
   287/299     3.33G   0.04103   0.01021   0.01299   0.06423        57       640    0.9984         1    0.9958    0.8885   0.03708  0.005409   0.01346
   288/299     3.33G   0.03934    0.0105   0.01263   0.06247        75       640    0.9952         1     0.996    0.9011    0.0371  0.005459   0.01353
   289/299     3.33G   0.03908      0.01   0.01293   0.06201        71       640    0.9947         1     0.996    0.8837    0.0378  0.005267   0.01347
   290/299     3.33G   0.03786   0.01089   0.01222   0.06098        64       640    0.9989         1    0.9953    0.8892   0.03717  0.005747   0.01331
   291/299     3.33G   0.03776  0.009664   0.01294   0.06037        53       640    0.9992         1    0.9954    0.9138   0.03658  0.005414   0.01328
   292/299     3.33G   0.03874   0.01063     0.013   0.06236        69       640    0.9981         1    0.9956    0.9145   0.03609  0.005093   0.01325
   293/299     3.33G   0.03765   0.01062   0.01237   0.06064        70       640    0.9972         1    0.9958    0.9301    0.0358  0.005009   0.01327
   294/299     3.33G   0.03968   0.01108   0.01295   0.06372        79       640    0.9955         1    0.9959     0.921   0.03572  0.005059   0.01333
   295/299     3.33G   0.03831   0.01077   0.01277   0.06185        76       640    0.9966         1    0.9957    0.9151   0.03583  0.005134   0.01318
   296/299     3.33G   0.03751   0.01021   0.01209   0.05982        72       640    0.9958         1    0.9959    0.8961   0.03609  0.005196    0.0132
   297/299     3.33G   0.03856  0.009803   0.01293   0.06129        54       640    0.9973         1     0.996    0.8967   0.03649  0.005209   0.01321
   298/299     3.33G   0.03778   0.01044    0.0128   0.06102        60       640    0.9987         1    0.9961    0.9295   0.03606  0.005065   0.01334
   299/299     3.33G   0.03831    0.0104   0.01282   0.06152        78       640    0.9988         1    0.9962    0.9177   0.03653   0.00501   0.01327
