     0/299     3.01G    0.1087   0.03783   0.02881    0.1753        20       640 0.0004409   0.07407 6.907e-05 6.978e-06   0.09314   0.03106   0.02642
     1/299     3.02G   0.09858   0.04098   0.02675    0.1663        25       640 7.349e-05   0.01235 3.263e-06 3.263e-07   0.08165   0.03168    0.0248
     2/299     3.02G   0.09229   0.03858   0.02476    0.1556        22       640    0.5001   0.01235 3.431e-06 3.431e-07   0.07667   0.03145   0.02343
     3/299     3.02G   0.09047   0.04012   0.02347    0.1541        28       640    0.5001   0.01235 3.793e-06 3.793e-07   0.07702   0.03068   0.02237
     4/299     3.02G   0.08943   0.04082   0.02261    0.1529        20       640         0         0         0         0   0.07996   0.02964   0.02154
     5/299     3.02G   0.08796   0.04132    0.0218    0.1511        30       640         0         0         0         0   0.07928   0.02951   0.02084
     6/299     3.02G   0.08622   0.03928   0.02105    0.1465        17       640 0.0002194   0.03704 1.805e-05 1.805e-06   0.07826   0.02965   0.02024
     7/299     3.02G    0.0862   0.04231   0.02079    0.1493        29       640 0.0005806   0.09877 0.0001194 1.274e-05   0.07786   0.02965   0.01977
     8/299     3.02G   0.08526   0.04047   0.02039    0.1461        29       640 0.0005466   0.09259 0.0001087 1.331e-05   0.07643   0.02992   0.01935
     9/299     3.02G   0.08493   0.04077   0.02001    0.1457        20       640 0.0005004   0.09877 0.0001344 1.375e-05   0.07527   0.03016   0.01898
    10/299     3.02G   0.08515   0.04189   0.01939    0.1464        32       640    0.5013    0.1975 0.0005242 5.792e-05   0.07686   0.02966   0.01864
    11/299     3.02G   0.08466   0.03913   0.01933    0.1431        22       640  0.001511    0.3827  0.001659 0.0001936   0.07535   0.03003   0.01835
    12/299     3.02G   0.08381   0.03935   0.01918    0.1423        22       640  0.001367    0.3642   0.00153 0.0001894   0.07274   0.03076   0.01809
    13/299     3.02G   0.08451   0.03946     0.019     0.143        22       640  0.001394    0.3642  0.001425  0.000173   0.07187   0.03089   0.01784
    14/299     3.02G   0.08456   0.03904   0.01877    0.1424        17       640    0.5013     0.358  0.001452 0.0001739   0.07206   0.03076   0.01763
    15/299     3.02G   0.08431   0.04282   0.01857    0.1457        30       640    0.5015    0.4012   0.00149 0.0001786   0.07259    0.0306   0.01746
    16/299     3.02G   0.08318   0.03905   0.01849    0.1407        15       640  0.001482    0.4012  0.001348 0.0001842   0.07205   0.03063   0.01729
    17/299     3.02G   0.08456   0.04313   0.01808    0.1458        32       640  0.005709  0.006173  0.001779 0.0002085   0.07472   0.02972   0.01717
    18/299     3.02G   0.08306   0.04021   0.01786    0.1411        18       640  0.003446   0.09877  0.003172 0.0003697   0.07309   0.03026   0.01705
    19/299     3.02G   0.08351   0.04175     0.018    0.1433        21       640  0.005761   0.02469  0.002212 0.0002827   0.07234   0.03045   0.01691
    20/299     3.02G   0.08253   0.04176     0.018    0.1423        27       640    0.5088   0.02469   0.00368 0.0004329   0.07182   0.03065   0.01677
    21/299     3.02G   0.08229   0.03938   0.01768    0.1393        17       640    0.5075   0.07407   0.00553 0.0006617   0.06956    0.0313   0.01661
    22/299     3.02G   0.08229   0.03959   0.01752    0.1394        23       640  0.003537     0.142  0.003001 0.0003622   0.07282   0.03002   0.01668
    23/299     3.02G   0.08181   0.04281   0.01766    0.1423        33       640  0.008585   0.08025  0.005198 0.0006248   0.07136   0.03076   0.01642
    24/299     3.02G   0.08099   0.04131   0.01778    0.1401        22       640    0.5065     0.284  0.007027 0.0007894   0.06908   0.03142   0.01616
    25/299     3.02G   0.08233   0.04236   0.01788    0.1426        26       640     0.508   0.04938   0.00617 0.0007469    0.0713   0.03069    0.0162
    26/299     3.02G   0.08104    0.0438   0.01774    0.1426        18       640    0.5215   0.07021   0.01257  0.002242   0.06914   0.03098     0.016
    27/299     3.02G   0.08056   0.04314   0.01777    0.1415        20       640     0.557    0.1481   0.03768  0.005786   0.06811   0.03118   0.01561
    28/299     3.02G   0.07972   0.04238   0.01723    0.1393        27       640    0.5734    0.1296   0.06211   0.01079   0.06673   0.03102   0.01532
    29/299     3.02G   0.07907   0.03793   0.01711    0.1341        17       640    0.5578    0.1358   0.03474  0.004925   0.07252   0.02857   0.01551
    30/299     3.02G   0.07925    0.0371   0.01688    0.1332        24       640    0.1218    0.2222    0.1312    0.0262   0.06898   0.02768   0.01488
    31/299     3.02G   0.07739    0.0377   0.01648    0.1316        36       640    0.1236    0.2407    0.1393   0.02323   0.06733   0.02606   0.01352
    32/299     3.02G   0.07661   0.03345   0.01588    0.1259        19       640   0.09372    0.4321    0.1161   0.02007   0.07119   0.02954   0.01243
    33/299     3.02G   0.07664   0.03249   0.01584     0.125        27       640    0.1389     0.228    0.1304   0.01794   0.08423   0.02557   0.01155
    34/299     3.02G   0.07589    0.0301   0.01517    0.1212        27       640    0.1287     0.537    0.1615   0.03534   0.07366   0.03268   0.01126
    35/299     3.02G   0.07582   0.02831   0.01509    0.1192        21       640    0.2597    0.7707     0.308   0.07066   0.07411   0.02069   0.01083
    36/299     3.02G   0.07355   0.02778   0.01447    0.1158        29       640    0.2109    0.6296    0.2316   0.04985   0.07268   0.02284   0.01017
    37/299     3.02G   0.07331    0.0264   0.01428     0.114        16       640   0.04288    0.2099   0.05564  0.009655   0.08138   0.08386   0.01085
    38/299     3.02G   0.07242   0.02631    0.0139    0.1126        21       640    0.3113    0.5032    0.3872    0.1016   0.06137   0.04181  0.009726
    39/299     3.02G   0.07059   0.02518   0.01386    0.1096        34       640    0.2332    0.6542    0.2311   0.05354   0.07241   0.02787  0.009674
    40/299     3.02G   0.07017   0.02623   0.01311    0.1095        24       640    0.6399    0.8704    0.8207     0.267   0.05588   0.01624  0.008827
    41/299     3.02G   0.06872   0.02437   0.01264    0.1057        19       640    0.4373    0.5185    0.4696    0.1058   0.06188   0.02372  0.009447
    42/299     3.02G   0.06911   0.02403   0.01282     0.106        24       640     0.444    0.6592    0.4947    0.1583   0.06562   0.02196  0.009425
    43/299     3.02G   0.06833   0.02422   0.01246     0.105        16       640    0.4256    0.5185    0.4383    0.1269   0.06259    0.0245   0.01143
    44/299     3.02G   0.06597   0.02321   0.01176    0.1009        20       640    0.6197    0.8264    0.8098     0.307   0.05158   0.01563   0.00835
    45/299     3.02G   0.06735   0.02448   0.01178    0.1036        23       640  0.001645    0.1173 0.0005098 5.816e-05   0.08799   0.02573   0.02351
    46/299     3.02G   0.07256   0.03076   0.01345    0.1168        34       640   0.03945    0.3148   0.02186  0.003396   0.08668    0.0306   0.01714
    47/299     3.02G   0.07207    0.0243   0.01215    0.1085        16       640   0.06293    0.2222   0.04036   0.01082   0.07592   0.02809   0.01346
    48/299     3.02G   0.06788   0.02527   0.01247    0.1056        27       640    0.3406    0.1665    0.1289   0.03469   0.07795   0.02979   0.01372
    49/299     3.02G    0.0699   0.02377   0.01129     0.105        15       640    0.3338    0.4259    0.2863    0.1183   0.06697   0.02466   0.01199
    50/299     3.02G   0.06585   0.02471   0.01068    0.1012        20       640  0.005837    0.4938   0.00436 0.0006668   0.08783   0.02222   0.01858
    51/299     3.02G   0.06729   0.02437    0.0114    0.1031        25       640     0.628    0.2654    0.1549   0.02445   0.08081   0.02376   0.02242
    52/299     3.02G   0.06479   0.02319   0.01039   0.09838        20       640    0.5383     0.463    0.5096    0.1849   0.05258     0.024  0.009351
    53/299     3.02G   0.06451    0.0247   0.01031   0.09951        40       640    0.5543    0.7528    0.6499    0.1828   0.06514    0.0146  0.007688
    54/299     3.02G   0.06375   0.02282   0.01005   0.09662        20       640    0.4742    0.5741    0.5033     0.171   0.06275   0.02122   0.01164
    55/299     3.02G   0.06148   0.02273   0.01011   0.09432        21       640    0.4757    0.7633    0.5989    0.2428   0.05821   0.01675  0.008278
    56/299     3.02G   0.06104    0.0226  0.009732   0.09337        27       640    0.7797    0.8912    0.8939    0.4874   0.04437   0.01355  0.007508
    57/299     3.02G   0.05858   0.02283   0.00917   0.09058        22       640    0.8192    0.7963    0.8771    0.4588   0.04885   0.01436  0.007736
    58/299     3.02G   0.05956   0.02235  0.009306   0.09122        23       640    0.7105    0.8395    0.8871    0.4671   0.05239   0.01312  0.007714
    59/299     3.02G   0.05916   0.02189  0.009374   0.09042        24       640    0.7493    0.6846    0.8069    0.4012   0.04873   0.01417  0.008111
    60/299     3.02G   0.05761   0.02311  0.008957   0.08967        22       640    0.2107    0.1173    0.0932   0.02349   0.06359   0.03053   0.01208
    61/299     3.02G   0.05914   0.02248  0.008503   0.09012        23       640    0.7729    0.4977    0.6319    0.2664   0.05415   0.02686  0.009656
    62/299     3.02G   0.06108    0.0223  0.009169   0.09255        17       640    0.7845    0.1223    0.1965   0.07904   0.06783   0.03639   0.02809
    63/299     3.02G   0.05761   0.02337  0.008929    0.0899        31       640    0.5332    0.8267    0.5495    0.2146   0.05771   0.02982   0.01261
    64/299     3.02G   0.05557   0.02242  0.008718   0.08671        28       640    0.8355    0.8765    0.8845    0.5227   0.04358   0.01298  0.007565
    65/299     3.02G   0.05668   0.02116  0.008288   0.08612        18       640    0.3844    0.7222    0.5105    0.2118   0.05519   0.01856  0.007179
    66/299     3.02G   0.05469   0.02215   0.00824   0.08508        15       640    0.2875    0.3809    0.3071    0.1382   0.06698   0.02453     0.015
    67/299     3.02G   0.05318   0.02135  0.008029   0.08256        21       640    0.2171    0.9506    0.3837    0.1775   0.04494    0.0272  0.007271
    68/299     3.02G   0.05255    0.0195  0.007998   0.08005        18       640    0.6245    0.9568    0.7767    0.3998   0.04702   0.02392    0.0074
    69/299     3.02G   0.05199   0.01989  0.008201   0.08008        25       640    0.9372    0.7705    0.8823    0.4276   0.04473   0.02724   0.00788
    70/299     3.02G   0.05204   0.02058  0.007654   0.08027        25       640    0.6965     0.858    0.7829    0.3993   0.04702   0.01389  0.007397
    71/299     3.02G    0.0534   0.01988  0.007646   0.08092        26       640    0.1617    0.4932    0.1547   0.05318   0.06678   0.03649   0.03263
    72/299     3.02G   0.05015   0.01909  0.007762     0.077        25       640    0.3212    0.3326    0.3335   0.09317   0.07227   0.02537   0.03509
    73/299     3.02G   0.05005   0.01977  0.007337   0.07715        24       640     0.787    0.9877    0.9327    0.5795   0.03827   0.01087  0.006541
    74/299     3.02G   0.04845   0.01883  0.007094   0.07438        22       640    0.7723    0.8435    0.8604    0.4779   0.04327   0.01702  0.007795
    75/299     3.02G   0.04886    0.0188  0.007292   0.07496        22       640    0.7871    0.8009    0.8033    0.3736   0.04257    0.0174  0.006639
    76/299     3.02G   0.05072   0.01836  0.007387   0.07647        19       640    0.7789    0.7431    0.8367    0.5244   0.04649   0.01932  0.008109
    77/299     3.02G   0.04961   0.01997  0.007476   0.07705        26       640    0.8988    0.8025    0.9171    0.5543   0.03982   0.01618  0.006403
    78/299     3.02G    0.0465   0.01935  0.007512   0.07337        30       640    0.9342     0.833    0.9221    0.4348   0.04404   0.01334  0.006462
    79/299     3.02G   0.04763   0.01872  0.006884   0.07323        24       640    0.6679    0.9506    0.8955    0.4224   0.04828   0.01054  0.006292
    80/299     3.02G   0.04627   0.01824  0.006679   0.07118        21       640    0.7829    0.9874    0.9847    0.5921   0.03942   0.01032  0.006398
    81/299     3.02G   0.04516   0.01836  0.006873   0.07039        21       640    0.9333    0.9321    0.9825    0.6136   0.03578  0.009567   0.00632
    82/299     3.02G    0.0446    0.0173  0.006686   0.06859        27       640    0.9514     0.858    0.9107    0.4808    0.0439   0.01998  0.007056
    83/299     3.02G   0.04546   0.01774  0.006785   0.06999        20       640    0.8175    0.7863    0.8218    0.4257    0.0452   0.01929  0.009566
    84/299     3.02G   0.04544   0.01778  0.006924   0.07015        25       640    0.9604    0.9128    0.9699    0.6384   0.03213   0.01012  0.006255
    85/299     3.02G   0.04708   0.01685  0.006941   0.07086        20       640    0.7055    0.5754      0.65    0.3207   0.04983   0.02625   0.01441
    86/299     3.02G   0.04358   0.01646  0.006518   0.06656        19       640       0.8    0.4681    0.5755    0.2854   0.06101    0.0259   0.02352
    87/299     3.02G   0.04344   0.01605  0.006765   0.06625        12       640    0.8903    0.7501    0.9052    0.5526   0.04123   0.01915  0.007204
    88/299     3.02G   0.04557   0.01571  0.006273   0.06756        14       640    0.9861    0.9936    0.9922    0.6264   0.03745    0.0114  0.007155
    89/299     3.02G   0.04238   0.01706  0.005973   0.06541        24       640    0.9759    0.9751    0.9889     0.507   0.03943   0.01178  0.006213
    90/299     3.02G   0.04346   0.01686  0.006596   0.06692        16       640     0.986    0.8395    0.9661    0.5829   0.04309   0.01755  0.009908
    91/299     3.02G   0.04005   0.01593   0.00622    0.0622        23       640    0.9851    0.9691     0.984    0.6121   0.03278   0.01321  0.006217
    92/299     3.02G   0.03964   0.01588  0.005928   0.06146        17       640    0.9704    0.9815     0.993    0.7425   0.02864  0.008167  0.006013
    93/299     3.02G    0.0391   0.01574  0.006318   0.06116        21       640         1    0.9928    0.9952    0.7325   0.03033  0.008238   0.00595
    94/299     3.02G   0.04081   0.01593  0.006417   0.06316        24       640    0.9737    0.9938    0.9932    0.7462   0.02883  0.009364  0.005961
    95/299     3.02G   0.03905   0.01574  0.005826   0.06062        13       640    0.9872    0.9662    0.9905    0.4979   0.04108   0.01195   0.00724
    96/299     3.02G   0.03847   0.01602  0.006182   0.06067        17       640    0.9947         1    0.9952    0.7596   0.02846  0.007664  0.005556
    97/299     3.02G   0.03955   0.01485  0.005743   0.06015        22       640         1    0.9905    0.9918    0.6078   0.03371   0.01067  0.005712
    98/299     3.02G   0.04191   0.01539  0.006252   0.06355        20       640    0.9055    0.9275    0.9584     0.601   0.03887   0.02217  0.007861
    99/299     3.02G   0.03822   0.01515  0.006182   0.05956        21       640    0.8845    0.9019    0.9374    0.5759   0.03824     0.032  0.007968
   100/299     3.02G   0.03706   0.01453  0.005982   0.05757        18       640    0.7983    0.6467    0.7915    0.4596   0.04145    0.0275  0.009566
   101/299     3.02G   0.03771   0.01526  0.005955   0.05892        23       640    0.9959    0.9938    0.9941    0.7272   0.02958   0.01121  0.005883
   102/299     3.02G   0.03853   0.01435  0.005741   0.05861        16       640     0.957    0.9643    0.9861    0.6615   0.03394   0.01105  0.006118
   103/299     3.02G   0.03719   0.01512  0.005694     0.058        33       640    0.9678     0.969    0.9857    0.6766   0.03065  0.009678  0.005943
   104/299     3.02G   0.03829   0.01446  0.005902   0.05866        21       640    0.9994    0.9938    0.9923    0.7428   0.02975  0.009202  0.005811
   105/299     3.02G   0.03769   0.01491  0.006367   0.05897        26       640    0.9999    0.9982    0.9951    0.7911    0.0287   0.01014  0.005533
   106/299     3.02G   0.03762   0.01546   0.00605   0.05913        29       640    0.9696    0.8795    0.9518    0.6005   0.03481   0.01518  0.006392
   107/299     3.02G   0.03572   0.01482  0.005938   0.05648        23       640    0.6351    0.3899      0.39    0.2137   0.06109   0.02513   0.02714
   108/299     3.02G   0.03672   0.01432  0.005908   0.05694        22       640    0.9759    0.9968    0.9947    0.7672   0.03325   0.00958  0.006064
   109/299     3.02G   0.03646   0.01427  0.006165    0.0569        22       640    0.9955     0.963    0.9848    0.7172   0.02976  0.009694  0.006513
   110/299     3.02G   0.03496   0.01369  0.005856   0.05451        26       640    0.9968         1    0.9955    0.8116   0.02551  0.007239  0.005468
   111/299     3.02G   0.03565   0.01416  0.005848   0.05566        28       640    0.9979    0.9938    0.9922    0.6955   0.03305  0.009971  0.005709
   112/299     3.02G   0.03508   0.01467  0.005786   0.05554        32       640         1    0.9971    0.9951    0.7027   0.02773   0.01269  0.005544
   113/299     3.02G   0.03534   0.01483  0.005953   0.05612        27       640    0.9985         1    0.9951    0.7927   0.02722  0.007592  0.005396
   114/299     3.02G   0.03634   0.01375   0.00565   0.05574        20       640    0.9989    0.9877    0.9882    0.7024   0.03076  0.007313  0.005687
   115/299     3.02G   0.03621    0.0141  0.005836   0.05615        19       640    0.9987    0.9877    0.9903    0.7794   0.02686  0.008175  0.005551
   116/299     3.02G   0.03564   0.01442  0.005767   0.05582        23       640    0.9675    0.9374    0.9825    0.7671   0.02837   0.01126  0.005673
   117/299     3.02G   0.03472   0.01357  0.005958   0.05425        20       640     0.726    0.7203    0.7677    0.3679   0.04915   0.01739   0.01013
   118/299     3.02G   0.03302   0.01324  0.005837   0.05209        24       640     0.985    0.9205    0.9818    0.7341   0.02788   0.01116  0.005401
   119/299     3.02G   0.03491   0.01384  0.005798   0.05455        30       640    0.9978         1    0.9951    0.7518   0.02711  0.009241  0.005447
   120/299     3.02G   0.03371   0.01347  0.005509   0.05268        13       640         1    0.9986    0.9956     0.781   0.02671  0.006886   0.00537
   121/299     3.02G   0.03454   0.01376  0.006023   0.05433        26       640    0.9998         1    0.9954    0.7293   0.02775  0.007222  0.005474
   122/299     3.02G   0.03314   0.01378  0.005877    0.0528        21       640    0.9989         1    0.9952    0.8116   0.02598  0.007992  0.005448
   123/299     3.02G   0.03308   0.01327  0.005619   0.05197        28       640    0.9983         1    0.9952     0.734   0.02668   0.00926   0.00539
   124/299     3.02G   0.03352   0.01326  0.005272   0.05204        23       640     0.996    0.9876    0.9946     0.758   0.02781   0.01074   0.00549
   125/299     3.02G   0.03394   0.01331  0.005319   0.05257        18       640    0.9959    0.9937    0.9951    0.8037   0.02638   0.01202  0.005751
   126/299     3.02G   0.03211   0.01352  0.005554   0.05119        23       640    0.9996    0.9938    0.9944    0.7744   0.02687  0.009239  0.005472
   127/299     3.02G   0.03247   0.01277  0.005716   0.05096        20       640    0.9952         1    0.9954    0.8206   0.02449  0.006659  0.005279
   128/299     3.02G   0.03203   0.01252  0.005577   0.05013        20       640    0.9953         1    0.9955    0.8349    0.0243  0.006673  0.005374
   129/299     3.02G   0.03166   0.01324  0.005744   0.05065        23       640    0.9997         1    0.9954    0.8189   0.02467  0.006688  0.005263
   130/299     3.02G   0.03233   0.01309  0.005765   0.05118        18       640     0.995         1    0.9954    0.8623   0.02357   0.00671  0.005147
   131/299     3.02G   0.03158   0.01321  0.005461   0.05026        25       640    0.9994    0.9691    0.9876    0.7398   0.02913  0.009661  0.005432
   132/299     3.02G   0.03092   0.01281  0.005333   0.04907        19       640     0.999    0.9938    0.9949    0.8098   0.02442  0.007527  0.005306
   133/299     3.02G   0.03359   0.01371  0.005682   0.05298        22       640    0.9743    0.9445    0.9816     0.707   0.02917   0.01326  0.005901
   134/299     3.02G   0.03103   0.01221  0.005076   0.04832        17       640    0.9999    0.9896    0.9946     0.754   0.02569  0.009707  0.005443
   135/299     3.02G   0.03155   0.01363  0.005394   0.05057        26       640    0.9999         1    0.9952    0.8638   0.02348  0.006571  0.005289
   136/299     3.02G   0.03225   0.01256  0.005641   0.05045        23       640    0.9772    0.9568    0.9852    0.8079   0.02624  0.008839  0.005442
   137/299     3.02G   0.02965   0.01239  0.005343   0.04739        14       640    0.9988         1    0.9952    0.8632   0.02358  0.006464  0.005035
   138/299     3.02G   0.03017   0.01238  0.005142    0.0477        20       640    0.9986         1    0.9952     0.843   0.02415  0.006571  0.005187
   139/299     3.02G   0.03121   0.01233   0.00523   0.04878        21       640    0.9998         1    0.9956    0.8269   0.02375  0.006342  0.005189
   140/299     3.02G   0.03027   0.01202  0.005159   0.04745        16       640    0.9857    0.9118    0.9807    0.6835   0.02718   0.01352  0.005321
   141/299     3.02G   0.02941   0.01163  0.005326   0.04637        19       640    0.9982         1    0.9954    0.8395   0.02312  0.006158  0.005086
   142/299     3.02G   0.03052    0.0122  0.005337   0.04806        18       640    0.9919    0.9876    0.9915    0.7913   0.02571   0.01031   0.00536
   143/299     3.02G   0.03038   0.01197  0.005344    0.0477        23       640    0.9954         1    0.9957    0.8285   0.02372  0.006029  0.005063
   144/299     3.02G   0.03033   0.01263  0.005514   0.04847        26       640    0.9991         1    0.9955    0.8586   0.02253  0.005984  0.005036
   145/299     3.02G   0.02934    0.0126    0.0052   0.04713        28       640     0.999         1    0.9958    0.8489   0.02262  0.005919  0.004994
   146/299     3.02G   0.02892   0.01186  0.005381   0.04616        23       640    0.9964    0.9876    0.9871    0.7792    0.0271  0.006712  0.005357
   147/299     3.02G   0.02954   0.01275   0.00531    0.0476        28       640         1    0.9897    0.9954    0.8366   0.02357  0.006486  0.005124
   148/299     3.02G   0.02942   0.01213  0.005379   0.04692        20       640    0.9995         1    0.9951    0.8048   0.02473  0.007731  0.005061
   149/299     3.02G   0.02887    0.0116  0.004769   0.04524        16       640    0.9991         1    0.9952    0.8669   0.02273  0.006954  0.004939
   150/299     3.02G   0.02953   0.01188  0.005394    0.0468        27       640    0.9975         1    0.9952    0.8606   0.02267  0.007351  0.004966
   151/299     3.02G   0.03015   0.01234   0.00496   0.04745        19       640    0.9872    0.9917     0.994    0.7824   0.02602   0.01049  0.005069
   152/299     3.02G   0.02853   0.01206  0.005108    0.0457        22       640    0.9964    0.9877    0.9917    0.8104   0.02454  0.006858  0.005403
   153/299     3.02G   0.02978   0.01246  0.005156   0.04739        23       640         1    0.9888    0.9939    0.8569   0.02273  0.005874   0.00509
   154/299     3.02G   0.02854   0.01214  0.004827    0.0455        19       640    0.9996         1    0.9958    0.8799   0.02217  0.005722  0.004927
   155/299     3.02G   0.02813   0.01111  0.005318   0.04456        20       640    0.9997         1    0.9957    0.8325   0.02432  0.006182  0.004989
   156/299     3.02G    0.0291   0.01222  0.005186    0.0465        22       640    0.9978         1    0.9957    0.8621    0.0233  0.005791  0.004963
   157/299     3.02G   0.02931    0.0128  0.005406   0.04751        28       640    0.9995         1    0.9953     0.843   0.02313  0.006511  0.004947
   158/299     3.02G   0.02808   0.01133  0.005034   0.04444        14       640    0.9993         1    0.9957    0.8634   0.02216  0.005875  0.004977
   159/299     3.02G   0.02844   0.01257  0.005502   0.04652        32       640    0.9981         1    0.9956    0.8771    0.0221  0.005909   0.00495
   160/299     3.02G   0.02906   0.01204  0.005408   0.04651        25       640    0.9986         1    0.9952    0.8612   0.02184  0.006088  0.004909
   161/299     3.02G   0.02748   0.01189   0.00476   0.04413        27       640    0.9994         1    0.9951    0.8621   0.02271   0.01154  0.004963
   162/299     3.02G   0.02747   0.01108  0.005198   0.04375        23       640    0.9988         1    0.9963    0.8694   0.02241  0.005588  0.004894
   163/299     3.02G   0.02771   0.01141  0.004949   0.04407        15       640    0.9997         1    0.9956    0.8524   0.02236  0.005766  0.004903
   164/299     3.02G   0.02785   0.01151  0.005217   0.04457        26       640    0.9968    0.9877    0.9954    0.8502   0.02272  0.005886  0.004959
   165/299     3.02G   0.02693   0.01066  0.005146   0.04274        20       640    0.9996         1    0.9954     0.878   0.02205  0.005765  0.004875
   166/299     3.02G   0.02615   0.01113  0.004871   0.04215        24       640    0.9995         1    0.9959    0.8792   0.02198  0.005738  0.004941
   167/299     3.02G   0.02916    0.0123  0.005066   0.04654        26       640    0.9987    0.9691    0.9845    0.8284   0.02388   0.01177  0.005119
   168/299     3.02G   0.02735   0.01137  0.004897   0.04362        14       640    0.9993         1    0.9955    0.8387   0.02215   0.00631  0.005036
   169/299     3.02G   0.02669   0.01168  0.005035    0.0434        18       640    0.9993         1    0.9954    0.8464   0.02323    0.0064   0.00495
   170/299     3.02G    0.0262   0.01065  0.005012   0.04186        22       640    0.9979         1    0.9954    0.8731   0.02154  0.005866  0.004848
   171/299     3.02G   0.02759   0.01137  0.005141    0.0441        27       640    0.9988    0.9877     0.995    0.8478   0.02316  0.005734  0.004924
   172/299     3.02G   0.02835   0.01126   0.00565   0.04525        23       640     0.999         1    0.9953    0.8309   0.02207  0.006014  0.004854
   173/299     3.02G   0.02738   0.01155  0.005022   0.04395        28       640    0.9817    0.9869    0.9927    0.8583   0.02238  0.008752  0.004912
   174/299     3.02G   0.02808   0.01092  0.005239   0.04424        13       640    0.9936    0.9875     0.994    0.7913   0.02386   0.01178  0.005209
   175/299     3.02G   0.02673   0.01045  0.004591   0.04177        15       640    0.9994         1    0.9951    0.8265   0.02445   0.00933  0.005087
   176/299     3.02G   0.02741    0.0115  0.005226   0.04414        31       640    0.9994         1    0.9952    0.8723   0.02133  0.006143  0.004883
   177/299     3.02G   0.02529    0.0107  0.004974   0.04096        27       640     0.999         1    0.9954    0.8957   0.02115  0.005467  0.004881
   178/299     3.02G   0.02521    0.0109  0.005136   0.04125        22       640    0.9985         1    0.9954    0.8886   0.02105  0.005887  0.004853
   179/299     3.02G   0.02749   0.01186  0.005221   0.04457        35       640    0.9968    0.9938    0.9958    0.8747   0.02146  0.005542  0.004843
   180/299     3.02G   0.02601   0.01106  0.004727    0.0418        16       640    0.9975    0.9938    0.9946     0.869   0.02132  0.005635  0.004891
   181/299     3.02G   0.02534   0.01112  0.004774   0.04123        20       640    0.9949         1    0.9959    0.8688   0.02164  0.005548  0.004875
   182/299     3.02G   0.02646   0.01121  0.004917   0.04258        30       640    0.9982         1    0.9958    0.8794   0.02108  0.005687  0.004947
   183/299     3.02G   0.02625   0.01132  0.004905   0.04248        27       640    0.9957         1     0.996    0.8537   0.02224  0.005701  0.004891
   184/299     3.02G    0.0262    0.0104  0.004954   0.04155        18       640    0.9981         1    0.9953      0.88    0.0217   0.00609  0.004831
   185/299     3.02G   0.02532    0.0109  0.004771   0.04099        30       640    0.9972         1    0.9962    0.8779   0.02163  0.005534  0.004877
   186/299     3.02G   0.02522   0.01012  0.004697   0.04004        24       640    0.9991         1    0.9954    0.8931   0.02115  0.005579  0.004825
   187/299     3.02G   0.02619   0.01126  0.004942   0.04239        22       640    0.9997         1    0.9957    0.8748   0.02177  0.005506  0.004844
   188/299     3.02G   0.02467  0.009956  0.004932   0.03956        21       640    0.9985    0.9938    0.9952    0.8788    0.0212   0.00596  0.004803
   189/299     3.02G   0.02547   0.01015  0.005121   0.04073        17       640    0.9976         1    0.9957    0.8836   0.02105  0.005422  0.004801
   190/299     3.02G   0.02492   0.01141  0.004842   0.04117        32       640    0.9998         1    0.9961     0.899   0.02115  0.005428   0.00483
   191/299     3.02G   0.02488   0.01039  0.005037   0.04031        21       640    0.9996         1    0.9955    0.8808   0.02134  0.005349  0.004771
   192/299     3.02G   0.02515   0.01007   0.00481   0.04003        18       640    0.9999    0.9898    0.9949    0.8446   0.02209   0.01098   0.00492
   193/299     3.02G   0.02641   0.01093  0.005194   0.04254        15       640    0.9956    0.9938    0.9955    0.8306   0.02446  0.006259  0.004854
   194/299     3.02G   0.02538    0.0108  0.005107   0.04129        10       640     0.995         1    0.9958    0.8942   0.02073  0.005249  0.004785
   195/299     3.02G    0.0257   0.01057  0.004968   0.04124        23       640     0.999         1    0.9953    0.8746   0.02126  0.005396  0.004889
   196/299     3.02G   0.02543   0.01058  0.005231   0.04124        17       640    0.9996         1    0.9952    0.8863   0.02082  0.005805   0.00479
   197/299     3.02G    0.0272   0.01145  0.005271   0.04393        25       640    0.9997         1    0.9955     0.883   0.02128  0.005542  0.004854
   198/299     3.02G   0.02452   0.01093  0.004774   0.04022        24       640    0.9989         1    0.9956    0.8761   0.02065  0.005607  0.004853
   199/299     3.02G   0.02517    0.0115  0.004934    0.0416        25       640     0.999         1    0.9957    0.8809   0.02075  0.005481  0.004807
   200/299     3.02G   0.02515   0.01052  0.005049   0.04072        18       640     0.996         1    0.9964    0.8987   0.02055  0.005337  0.004844
   201/299     3.02G   0.02434  0.009675  0.004889   0.03891        19       640    0.9991    0.9938    0.9961    0.8959   0.02063  0.005316  0.004827
   202/299     3.02G    0.0253    0.0105  0.004921   0.04073        25       640     0.998         1    0.9954    0.8696   0.02152  0.005709  0.004805
   203/299     3.02G   0.02567   0.01078  0.005117   0.04157        22       640         1     0.996    0.9953     0.885   0.02062  0.005556  0.004821
   204/299     3.02G   0.02459  0.009867  0.005021   0.03947        17       640    0.9982         1    0.9951      0.86   0.02197   0.00692  0.004798
   205/299     3.02G   0.02494   0.01047  0.005066   0.04047        19       640    0.9949         1    0.9962    0.9023   0.02023  0.005189  0.004789
   206/299     3.02G    0.0239  0.009817  0.004985    0.0387        18       640    0.9974         1    0.9952    0.8749   0.02075  0.005977  0.004774
   207/299     3.02G   0.02398   0.01013  0.004934   0.03904        15       640    0.9981         1     0.996    0.8872   0.02043  0.005321  0.004731
   208/299     3.02G   0.02386  0.009717  0.004753   0.03833        16       640    0.9966         1    0.9962    0.8926   0.02067  0.005199  0.004747
   209/299     3.02G   0.02497   0.01016  0.005156   0.04029        26       640    0.9943         1    0.9964    0.8927   0.02045   0.00526  0.004806
   210/299     3.02G   0.02369   0.01057  0.004592   0.03885        18       640    0.9982         1    0.9957    0.8939   0.02067  0.005458  0.004801
   211/299     3.02G   0.02447   0.01067  0.004863      0.04        18       640    0.9985         1    0.9962    0.8972   0.02015  0.005248  0.004733
   212/299     3.02G   0.02539    0.0109  0.004811    0.0411        26       640    0.9963         1    0.9963    0.8989   0.02016  0.005187  0.004763
   213/299     3.02G   0.02435  0.009763  0.005065   0.03917        17       640    0.9993         1    0.9955    0.8814   0.02183  0.005638  0.004749
   214/299     3.02G   0.02371   0.01063  0.005154   0.03949        28       640    0.9999         1    0.9955    0.8965   0.02033  0.005411  0.004736
   215/299     3.02G   0.02318   0.01055  0.004464   0.03819        21       640    0.9995         1    0.9957    0.8923   0.02024   0.00517   0.00474
   216/299     3.02G   0.02389   0.01019   0.00504   0.03912        21       640    0.9991         1    0.9959    0.9001    0.0204  0.005401  0.004814
   217/299     3.02G   0.02326   0.01012  0.004731   0.03811        20       640    0.9989         1    0.9961    0.8995   0.02057  0.005387  0.004805
   218/299     3.02G   0.02427   0.01065   0.00501   0.03993        22       640    0.9981         1    0.9964    0.8976   0.01995  0.005266    0.0048
   219/299     3.02G    0.0234   0.01035  0.004684   0.03844        21       640    0.9988         1    0.9954    0.8864   0.02067  0.005479  0.004722
   220/299     3.02G   0.02379  0.009998  0.004973   0.03876        25       640    0.9983         1    0.9962    0.9095   0.02002  0.005076  0.004709
   221/299     3.02G   0.02422   0.01041  0.005146   0.03978        32       640    0.9983         1    0.9959     0.912   0.02002  0.005072  0.004685
   222/299     3.02G   0.02365  0.009887  0.004923   0.03846        30       640    0.9992         1    0.9955    0.8981   0.02038  0.005286  0.004656
   223/299     3.02G   0.02345  0.009663  0.004603   0.03772        23       640    0.9992         1    0.9956    0.9094   0.01985  0.005223  0.004683
   224/299     3.02G   0.02353    0.0103  0.004933   0.03876        16       640    0.9994         1    0.9954    0.8917   0.02064   0.00546  0.004642
   225/299     3.02G   0.02323  0.009884  0.004687    0.0378        18       640    0.9983         1    0.9964    0.9038    0.0202  0.005068  0.004668
   226/299     3.02G   0.02335   0.01011  0.004612   0.03807        24       640    0.9976         1    0.9963    0.9065   0.01974  0.005046  0.004675
   227/299     3.02G    0.0234   0.01047  0.004744   0.03861        22       640    0.9992         1     0.996    0.9003   0.01971  0.005077  0.004612
   228/299     3.02G   0.02266  0.009884  0.004571   0.03712        22       640    0.9988         1    0.9957    0.8906   0.02017  0.005035  0.004679
   229/299     3.02G   0.02313  0.009809  0.004736   0.03767        23       640    0.9992         1    0.9962    0.8973   0.01987  0.005037  0.004651
   230/299     3.02G   0.02342   0.01017  0.004559   0.03815        27       640    0.9962         1    0.9956    0.8869   0.02032  0.005412  0.004713
   231/299     3.02G   0.02334  0.009855  0.004452   0.03765        15       640    0.9991         1     0.996    0.8955   0.02068  0.004991  0.004659
   232/299     3.02G   0.02198  0.009615  0.004449   0.03605        16       640    0.9995         1    0.9954      0.88   0.02048   0.00529   0.00462
   233/299     3.02G    0.0234   0.01032  0.004825   0.03854        21       640    0.9994         1    0.9953    0.8785   0.02083  0.005669  0.004674
   234/299     3.02G   0.02295   0.01045  0.004893   0.03829        29       640    0.9994         1    0.9958    0.9004   0.01964   0.00514  0.004651
   235/299     3.02G   0.02271  0.009596  0.004717   0.03702        22       640    0.9978         1    0.9957    0.8935   0.02017  0.005032  0.004667
   236/299     3.02G   0.02339    0.0105  0.004539   0.03843        22       640    0.9994         1    0.9957    0.8959   0.01995  0.005064   0.00462
   237/299     3.02G    0.0227  0.009608  0.004585    0.0369        21       640    0.9989         1    0.9963    0.9056   0.02012  0.004932   0.00462
   238/299     3.02G   0.02318   0.01014  0.005086    0.0384        27       640     0.998         1    0.9958       0.9   0.02008   0.00523   0.00469
   239/299     3.02G   0.02313  0.009489  0.004946   0.03756        24       640    0.9991         1    0.9958    0.9107   0.01976  0.004883    0.0046
   240/299     3.02G   0.02297  0.009279  0.004813   0.03706        15       640    0.9979         1    0.9964    0.9062   0.02006  0.005032  0.004623
   241/299     3.02G   0.02317   0.01021  0.005028   0.03841        26       640    0.9991         1    0.9962    0.9097   0.01943  0.004905  0.004579
   242/299     3.02G   0.02269  0.009863  0.004812   0.03736        27       640    0.9992         1    0.9956    0.8947   0.01977  0.005303  0.004573
   243/299     3.02G   0.02388      0.01  0.004964   0.03885        19       640     0.999         1    0.9953    0.8889   0.02009  0.005336  0.004635
   244/299     3.02G   0.02273  0.009835  0.005079   0.03764        23       640    0.9997         1    0.9953    0.8962   0.02005  0.005361  0.004607
   245/299     3.02G   0.02238  0.009417  0.004744   0.03654        18       640    0.9997         1    0.9962    0.9041   0.01951  0.004979  0.004672
   246/299     3.02G   0.02189   0.00934  0.004573    0.0358        28       640    0.9996         1     0.996    0.9112   0.01944  0.004996  0.004623
   247/299     3.02G   0.02321  0.009292  0.004743   0.03724        11       640    0.9979         1    0.9961    0.9061   0.01943  0.004993  0.004692
   248/299     3.02G   0.02194  0.009182   0.00466   0.03578        12       640     0.998         1    0.9964    0.9018   0.01966  0.005005  0.004687
   249/299     3.02G    0.0229  0.009717  0.004739   0.03736        19       640    0.9994         1    0.9963    0.9083   0.01935  0.004926  0.004623
   250/299     3.02G   0.02228   0.01032  0.004756   0.03736        31       640    0.9992         1    0.9965    0.9123    0.0194  0.004957  0.004695
   251/299     3.02G   0.02242  0.008732  0.004781   0.03593        17       640    0.9992         1    0.9956    0.9155   0.01945  0.005252   0.00467
   252/299     3.02G   0.02198  0.009271  0.004776   0.03603        28       640    0.9992         1    0.9958    0.9049   0.01989  0.004982  0.004639
   253/299     3.02G   0.02239   0.00974  0.004814   0.03695        31       640     0.998         1    0.9965    0.9059   0.01956  0.005061   0.00466
   254/299     3.02G   0.02135  0.009235  0.004317    0.0349        17       640    0.9986         1    0.9966    0.9115   0.01923  0.004875  0.004619
   255/299     3.02G   0.02307   0.00987  0.004931   0.03787        32       640     0.999         1    0.9966    0.9147    0.0193  0.004898  0.004624
   256/299     3.02G   0.02239      0.01  0.004584   0.03698        27       640    0.9995         1    0.9958    0.9019   0.01953  0.004878  0.004597
   257/299     3.02G   0.02231  0.009718  0.004478   0.03651        19       640    0.9996    0.9938    0.9951    0.8906    0.0197  0.006185  0.004597
   258/299     3.02G   0.02146   0.00989  0.004209   0.03556        25       640    0.9994         1    0.9955      0.89   0.02056  0.005111  0.004559
   259/299     3.02G   0.02198  0.009349  0.004529   0.03586        14       640    0.9969         1    0.9966    0.9125   0.01933  0.004931  0.004562
   260/299     3.02G    0.0222  0.009613  0.004801   0.03661        28       640    0.9981         1    0.9964    0.9094   0.01925  0.004996  0.004606
   261/299     3.02G   0.02178   0.00937  0.004721   0.03587        24       640     0.999         1    0.9957    0.9113   0.01947  0.005152  0.004599
   262/299     3.02G   0.02204  0.009806  0.004614   0.03646        28       640    0.9971         1    0.9964    0.8994   0.01946  0.005127  0.004546
   263/299     3.02G   0.02333  0.009359  0.005197   0.03789        27       640    0.9981         1    0.9964    0.9056   0.01916  0.004896  0.004524
   264/299     3.02G   0.02138  0.009506  0.004555   0.03544        22       640    0.9992         1    0.9957    0.8997    0.0199  0.005214  0.004525
   265/299     3.02G   0.02239   0.01034  0.004984   0.03771        28       640    0.9991         1    0.9955    0.9044   0.01937  0.005021  0.004549
   266/299     3.02G   0.02209  0.008615  0.004675   0.03538        14       640    0.9988         1    0.9954    0.8888   0.02026  0.005236  0.004585
   267/299     3.02G   0.02234  0.009886  0.005045   0.03728        32       640     0.999         1    0.9966    0.9063   0.01914  0.004795  0.004555
   268/299     3.02G   0.02192   0.00897  0.004736   0.03563        21       640    0.9992         1    0.9961    0.9079   0.01932  0.005008  0.004557
   269/299     3.02G    0.0225  0.009359  0.004906   0.03676        25       640     0.997         1    0.9966    0.9166   0.01921  0.004852  0.004621
   270/299     3.02G   0.02199  0.009212  0.004725   0.03592        21       640    0.9989         1    0.9957    0.9001   0.02001  0.005212  0.004619
   271/299     3.02G   0.02216  0.009108  0.004491   0.03576        29       640    0.9995         1     0.996    0.9159   0.01918  0.005076  0.004578
   272/299     3.02G   0.02103  0.008642  0.004449   0.03412        22       640    0.9992         1    0.9961    0.9055   0.01955  0.005114  0.004594
   273/299     3.02G   0.02177  0.009202  0.004951   0.03592        25       640    0.9977         1    0.9956    0.9172   0.01924  0.004921  0.004542
   274/299     3.02G    0.0214  0.009009  0.004398   0.03481        18       640    0.9989         1    0.9963    0.9013    0.0193  0.004926  0.004537
   275/299     3.02G   0.02337  0.009561  0.005171    0.0381        22       640    0.9981         1    0.9965    0.9076   0.01917  0.004859   0.00456
   276/299     3.02G   0.02178  0.009617  0.004647   0.03604        24       640    0.9993         1    0.9963    0.9004   0.01959  0.004879  0.004518
   277/299     3.02G   0.02158  0.009597  0.004522    0.0357        29       640    0.9988         1    0.9955    0.8927   0.01936   0.00507  0.004576
   278/299     3.02G   0.02256  0.009531   0.00485   0.03694        17       640    0.9951         1    0.9964    0.9084   0.01952  0.005042  0.004643
   279/299     3.02G   0.02138  0.009576  0.004385   0.03534        23       640    0.9984         1    0.9964    0.9071   0.01954  0.004989  0.004559
   280/299     3.02G   0.02135  0.008772  0.004666   0.03478        27       640    0.9989         1    0.9963    0.9031   0.01973  0.005074  0.004575
   281/299     3.02G   0.02151  0.009068  0.004554   0.03513        29       640    0.9986         1    0.9956    0.9028   0.02014  0.005162  0.004588
   282/299     3.02G   0.02137  0.008933  0.004649   0.03495        23       640    0.9979         1    0.9967    0.9128   0.01904   0.00482  0.004522
   283/299     3.02G   0.02161  0.008948  0.004703   0.03526        15       640    0.9992         1    0.9966    0.9206   0.01915  0.004752  0.004512
   284/299     3.02G   0.02207  0.009517  0.004876   0.03646        20       640    0.9993         1    0.9959    0.9158   0.01906  0.004802  0.004495
   285/299     3.02G   0.02236  0.009373  0.005034   0.03676        30       640    0.9991         1    0.9966    0.9208   0.01912  0.004746  0.004544
   286/299     3.02G   0.02215  0.009365  0.004648   0.03617        25       640    0.9991         1    0.9957    0.9154   0.01919  0.004863  0.004545
   287/299     3.02G   0.02254  0.009381  0.004971   0.03689        26       640    0.9989         1    0.9959    0.9142   0.01897  0.004812  0.004494
   288/299     3.02G   0.02181   0.00943  0.004865   0.03611        26       640    0.9982         1    0.9962    0.9044    0.0192  0.004731  0.004507
   289/299     3.02G   0.02157  0.009676  0.004712   0.03596        37       640    0.9989         1     0.996    0.9178   0.01871  0.004756  0.004494
   290/299     3.02G   0.02234   0.00948  0.004757   0.03658        29       640    0.9993         1    0.9965    0.9221   0.01889   0.00479   0.00451
   291/299     3.02G   0.02168  0.009274  0.004654   0.03561        24       640    0.9987         1    0.9966    0.9193   0.01906  0.004759  0.004532
   292/299     3.02G   0.02168  0.009177  0.004721   0.03558        21       640    0.9991         1     0.996     0.921   0.01916  0.004828  0.004526
   293/299     3.02G   0.02144  0.009511  0.004596   0.03555        36       640    0.9995         1    0.9957    0.9062   0.01981  0.005385  0.004547
   294/299     3.02G   0.02178  0.009139  0.004658   0.03558        28       640     0.999         1    0.9961     0.908   0.01939  0.005127  0.004547
   295/299     3.02G   0.02146   0.00856  0.004664   0.03468        20       640    0.9991         1    0.9966    0.9162   0.01906  0.004789  0.004542
   296/299     3.02G   0.02027  0.008698  0.004218   0.03319        26       640    0.9984         1    0.9966    0.9195   0.01899  0.004826  0.004555
   297/299     3.02G   0.02196    0.0094   0.00485   0.03621        19       640    0.9988         1    0.9966    0.9197    0.0192  0.004769  0.004561
   298/299     3.02G   0.02216  0.009446  0.004878   0.03648        26       640    0.9968         1    0.9964    0.9095   0.01928  0.004739  0.004523
   299/299     3.02G   0.02205  0.009429   0.00495   0.03643        32       640    0.9975         1    0.9966    0.9187   0.01891  0.004713   0.00454
