     0/299     4.61G    0.1036   0.03783    0.0281    0.1695        88       640 0.0004409   0.07407 0.0001221 1.233e-05    0.0785   0.03202   0.02473
     1/299     4.62G   0.08879   0.04134   0.02423    0.1544       105       640 0.0005511   0.09259 0.0001445 1.453e-05    0.0777    0.0304   0.02238
     2/299     4.62G   0.08539   0.04045   0.02251    0.1484       105       640  0.001313    0.3413 0.0009446 0.0001438   0.07709   0.03012   0.02094
     3/299     4.62G   0.08373   0.04018   0.02151    0.1454        80       640  0.001455    0.2381  0.001156 0.0001442   0.07499   0.03039      0.02
     4/299     4.62G   0.08305   0.04123    0.0208    0.1451       103       640  0.001271    0.2646 0.0009724 0.0001274   0.07504    0.0303   0.01928
     5/299     4.62G    0.0824   0.03938   0.02033    0.1421        87       640  0.001429    0.4286  0.001949 0.0002687   0.07365   0.03055   0.01872
     6/299     4.62G   0.08235   0.04175   0.01994     0.144       112       640  0.001464    0.4392  0.002376 0.0003576   0.07412   0.03041   0.01828
     7/299     4.62G   0.08215    0.0414   0.01951    0.1431       104       640   0.00217     0.172  0.002704 0.0003869   0.07383   0.03039   0.01788
     8/299     4.62G   0.08197   0.04042   0.01928    0.1417        89       640  0.003487     0.254  0.003929 0.0006174   0.07251   0.03075   0.01768
     9/299     4.62G   0.08154   0.03976   0.01908    0.1404       113       640  0.004918   0.07407  0.003547 0.0005005   0.07273   0.03043   0.01735
    10/299     4.62G   0.08104   0.04079   0.01926    0.1411        88       640  0.002903    0.4497   0.00359 0.0004931   0.07174   0.03049   0.01705
    11/299     4.62G   0.08029   0.04105   0.01878    0.1401       105       640    0.5241    0.1561   0.01748  0.002558   0.07269   0.02989   0.01678
    12/299     4.62G   0.07949   0.03929   0.01878    0.1376       100       640     0.144    0.3386    0.1754   0.03222    0.0693   0.02563   0.01564
    13/299     4.62G   0.07787   0.03065    0.0178    0.1263        86       640    0.2176    0.5185     0.304   0.07076   0.06707   0.02251   0.01442
    14/299     4.62G   0.07598   0.02777   0.01731    0.1211        88       640    0.4221    0.4921      0.43    0.1101   0.06541   0.02095   0.01366
    15/299     4.62G    0.0732   0.02534    0.0168    0.1153        80       640     0.528    0.6821    0.6269    0.2088   0.06597   0.01807   0.01284
    16/299     4.62G   0.07183   0.02366   0.01584    0.1113        96       640    0.4936    0.7045    0.5898    0.1906   0.07034   0.01695   0.01242
    17/299     4.62G   0.06899   0.02338   0.01559     0.108       100       640    0.6842    0.6533    0.7248    0.2616   0.06249   0.01814   0.01221
    18/299     4.62G   0.06613   0.02277   0.01482    0.1037        96       640    0.6998     0.745    0.8002    0.3075   0.05643   0.01622   0.01208
    19/299     4.62G   0.06551    0.0224   0.01424    0.1021        92       640    0.7696    0.7381    0.8224    0.3972   0.05272   0.01679   0.01182
    20/299     4.62G   0.06304   0.02112   0.01356   0.09772        90       640    0.4982    0.9459    0.6827    0.2297   0.06358   0.01467    0.0106
    21/299     4.62G   0.07049   0.02209   0.01332    0.1059       100       640    0.4477    0.7768    0.5485    0.1228   0.06186   0.01479   0.01114
    22/299     4.62G   0.06908    0.0229   0.01338    0.1054       109       640    0.4929    0.8598     0.685     0.155   0.05625   0.01933   0.01111
    23/299     4.62G   0.06493   0.02218   0.01265   0.09976       110       640    0.6536    0.5317    0.5286    0.2544   0.05839   0.02245   0.01555
    24/299     4.62G   0.06291   0.02169   0.01218   0.09679        93       640    0.6005    0.6217    0.6673    0.3235   0.05122   0.01676   0.01079
    25/299     4.62G    0.0622   0.02107    0.0119   0.09517       118       640    0.6088    0.8666    0.8254    0.1845   0.05874   0.01434    0.0104
    26/299     4.62G   0.06081   0.02065    0.0117   0.09315        93       640    0.7106    0.8439    0.9048    0.3885   0.05232   0.01199   0.01022
    27/299     4.62G   0.05841   0.01984   0.01104   0.08929        80       640    0.7576    0.9153    0.9068     0.349   0.05593   0.01669   0.01031
    28/299     4.62G   0.05702   0.01997   0.01098   0.08797        99       640    0.6051     0.719    0.6473    0.1746   0.06259   0.01948    0.0116
    29/299     4.62G   0.05681   0.02032   0.01073   0.08786       105       640    0.6021    0.1561   0.08887    0.0157   0.07799   0.06388   0.04475
    30/299     4.62G   0.05579   0.01929    0.0103   0.08538       105       640     0.716    0.1931      0.17   0.03376   0.07392   0.03472   0.03716
    31/299     4.62G    0.0526   0.01813  0.009949   0.08067        94       640    0.8733    0.7064    0.8568    0.4827   0.05211   0.01487   0.01309
    32/299     4.62G   0.05482    0.0191   0.01029   0.08421        91       640    0.8956     0.925    0.9545    0.5344   0.04723   0.02207   0.01084
    33/299     4.62G   0.05071   0.01888   0.00985   0.07945        92       640    0.7209    0.8571    0.8841    0.4209   0.04637   0.01261  0.009449
    34/299     4.62G    0.0508   0.01789  0.009711    0.0784        92       640    0.8597    0.8804    0.9168    0.5766   0.04045   0.01526  0.009118
    35/299     4.62G   0.05053   0.01756  0.009282   0.07737        93       640    0.9578     0.664    0.8054     0.551    0.0378   0.01706   0.00922
    36/299     4.62G   0.04985   0.01702  0.009497   0.07637       109       640    0.7415    0.8598    0.8426    0.4636   0.04419   0.01557   0.01017
    37/299     4.62G   0.04958   0.01686  0.009305   0.07575        90       640    0.8629    0.8677    0.9127    0.4845   0.04237   0.01342  0.009284
    38/299     4.62G   0.04644   0.01695  0.008738   0.07212       106       640    0.9272    0.9153    0.9641    0.5754   0.04681   0.01664  0.008913
    39/299     4.62G    0.0473   0.01617  0.009001   0.07247        84       640    0.9798    0.9815    0.9874    0.6604   0.03537  0.009355  0.008662
    40/299     4.62G   0.04802   0.01623  0.008914   0.07316        83       640    0.9714    0.9497    0.9889    0.7164    0.0358  0.009393  0.008738
    41/299     4.62G   0.04573   0.01549  0.009071   0.07029        98       640    0.9296    0.9206     0.963    0.6411   0.04265   0.01337   0.01015
    42/299     4.62G    0.0454   0.01544  0.008881   0.06972        82       640    0.9528    0.9358    0.9603    0.5012   0.04518   0.01568   0.01071
    43/299     4.62G   0.04329   0.01555  0.008298   0.06713        95       640    0.9797    0.9999    0.9914    0.7323   0.03536  0.009877  0.008711
    44/299     4.62G   0.04333   0.01578  0.008416   0.06753        76       640    0.9901    0.9973    0.9938    0.6959    0.0342    0.0105  0.008065
    45/299     4.62G   0.04268   0.01527  0.008595   0.06654       102       640    0.9927    0.9947    0.9952    0.6415   0.03611  0.008698  0.008176
    46/299     4.62G   0.04199   0.01466  0.008414   0.06506        86       640    0.9901    0.9974    0.9945    0.7271   0.03452  0.009056  0.008667
    47/299     4.62G   0.04191   0.01498  0.008074   0.06497        88       640    0.9889    0.8862    0.9697    0.5541   0.03708   0.01553  0.008646
    48/299     4.62G   0.04084    0.0146  0.008198   0.06363        91       640    0.9891    0.9816    0.9888    0.6269   0.03673   0.01304  0.008662
    49/299     4.62G   0.03974   0.01429  0.007955   0.06199        90       640    0.9829    0.9921    0.9876    0.7228   0.03197   0.01332  0.008287
    50/299     4.62G   0.03857    0.0139  0.008069   0.06054        91       640    0.9961    0.9258    0.9824    0.5774   0.03843   0.01041  0.008854
    51/299     4.62G   0.03867   0.01466  0.007889   0.06123       105       640    0.9743    0.9915    0.9882    0.7109   0.03418   0.01003  0.008411
    52/299     4.62G   0.03837   0.01403  0.007982   0.06039        90       640    0.9711    0.9787    0.9862    0.7306   0.03373   0.01242  0.008326
    53/299     4.62G   0.03843   0.01391  0.007813   0.06016        93       640    0.9933    0.9921    0.9907    0.6555   0.03413   0.01115  0.008449
    54/299     4.62G   0.03754   0.01401  0.007754    0.0593        85       640    0.9957    0.9894    0.9912    0.6966   0.03333   0.01021  0.007953
    55/299     4.62G   0.03811   0.01368  0.008082   0.05987        96       640    0.9929         1    0.9954    0.7719   0.03084  0.007472  0.007645
    56/299     4.62G     0.038   0.01383  0.008095   0.05992       109       640    0.9892    0.9921    0.9943    0.7661   0.03196  0.008869  0.008225
    57/299     4.62G   0.03809   0.01336  0.007538   0.05898       110       640    0.9907    0.9921    0.9913    0.7478   0.03299  0.008583  0.008115
    58/299     4.62G   0.03689   0.01324  0.007628   0.05776       118       640     0.991    0.9921    0.9919    0.7818   0.02909  0.007239  0.007595
    59/299     4.62G   0.03599   0.01307  0.007374   0.05644        92       640    0.9954         1    0.9957    0.7969   0.02993  0.007449  0.008089
    60/299     4.62G   0.03608   0.01256  0.007387   0.05603        89       640    0.9949         1    0.9954    0.7486    0.0302  0.007969  0.008815
    61/299     4.62G   0.03697   0.01328   0.00781   0.05806        99       640    0.9971         1    0.9961    0.7776   0.02917    0.0071  0.007808
    62/299     4.62G   0.03546    0.0124  0.007551   0.05541        94       640    0.9987    0.9973    0.9961    0.8321    0.0276  0.006999  0.007545
    63/299     4.62G   0.03663    0.0132  0.007408   0.05723        87       640    0.9817    0.9879    0.9879    0.7194   0.03316   0.01034  0.008438
    64/299     4.62G   0.03582   0.01275  0.007331    0.0559        95       640    0.9876     0.992    0.9905    0.8037   0.02909  0.007068  0.007639
    65/299     4.62G   0.03528    0.0124  0.007377   0.05506        80       640    0.9808    0.9921    0.9873    0.7344   0.03043   0.01034   0.00819
    66/299     4.62G   0.03435   0.01254  0.007321   0.05422       107       640    0.9982         1    0.9961    0.8092   0.02909   0.00705   0.00763
    67/299     4.62G   0.03488   0.01268  0.007556   0.05512        88       640    0.9987         1    0.9959    0.8286   0.02799  0.006912  0.007376
    68/299     4.62G   0.03491   0.01258  0.007022   0.05452        96       640    0.9794    0.9878    0.9884    0.7202   0.03481   0.01006  0.008242
    69/299     4.62G   0.03404   0.01194  0.007404   0.05338        84       640         1         1    0.9957    0.7777   0.02949   0.00735  0.007715
    70/299     4.62G    0.0343   0.01207  0.007123    0.0535        91       640    0.9995         1    0.9958    0.8197    0.0285  0.006786  0.007487
    71/299     4.62G   0.03437   0.01213  0.007267   0.05377        88       640    0.9995    0.9974    0.9958    0.8066   0.02761  0.006621  0.007214
    72/299     4.62G   0.03353   0.01218  0.007152   0.05286        98       640    0.9907         1    0.9955    0.7849   0.02957  0.006909  0.007452
    73/299     4.62G   0.03356   0.01218  0.007335   0.05307        93       640    0.9994         1    0.9958    0.7946   0.02852  0.006696  0.007343
    74/299     4.62G   0.03311   0.01215  0.007226   0.05249        99       640    0.9941     0.992    0.9915    0.8078   0.02735  0.007403   0.00733
    75/299     4.62G   0.03227   0.01169  0.007046   0.05101        95       640    0.9989         1    0.9963      0.83   0.02704  0.006597  0.007616
    76/299     4.62G   0.03296   0.01144  0.007118   0.05151        85       640    0.9627    0.9879      0.99    0.7298   0.03387  0.008559   0.00799
    77/299     4.62G   0.03194   0.01199  0.006983   0.05091       105       640    0.9921    0.9947    0.9933    0.8244   0.02688  0.006785  0.007214
    78/299     4.62G   0.03154   0.01138   0.00699   0.04991        95       640    0.9995         1    0.9958     0.845   0.02754  0.006283  0.007104
    79/299     4.62G   0.03178   0.01131  0.006974   0.05007        95       640    0.9996    0.9974    0.9963     0.865   0.02695  0.006196  0.007254
    80/299     4.62G   0.03171   0.01149  0.007094    0.0503       110       640    0.9945     0.992    0.9901     0.825   0.02727   0.01305  0.007444
    81/299     4.62G   0.03072   0.01129  0.006586   0.04859        94       640         1    0.9993     0.996    0.8391   0.02666  0.006486  0.007203
    82/299     4.62G   0.03214   0.01134   0.00738   0.05086       104       640    0.9987         1    0.9959    0.8436   0.02639  0.006146  0.007068
    83/299     4.62G   0.03183   0.01128  0.007113   0.05022        84       640    0.9974    0.9999    0.9961     0.859   0.02578  0.006039  0.007192
    84/299     4.62G   0.03177   0.01157  0.006969   0.05031        97       640    0.9984         1    0.9957    0.8127   0.02793  0.006739  0.007187
    85/299     4.62G   0.03191   0.01101  0.007253   0.05018        92       640    0.9885    0.9921    0.9947    0.8553    0.0264  0.006745  0.007162
    86/299     4.62G    0.0311    0.0115  0.006877   0.04947        95       640    0.9916    0.9921    0.9902     0.781   0.02795  0.008259  0.007461
    87/299     4.62G   0.03135    0.0108  0.006939   0.04908        77       640    0.9996         1    0.9958    0.8607   0.02573   0.00604  0.007116
    88/299     4.62G   0.03058   0.01096  0.006891   0.04844        99       640    0.9973         1    0.9957    0.8392   0.02653  0.006141  0.007129
    89/299     4.62G   0.03133   0.01106  0.006893   0.04928       104       640    0.9985         1    0.9961    0.8292   0.02705   0.00616   0.00707
    90/299     4.62G    0.0315   0.01121  0.007012   0.04972        88       640    0.9834    0.9682    0.9845    0.7638   0.02851   0.01233  0.007941
    91/299     4.62G   0.03124   0.01143  0.007023   0.04969       102       640     0.999         1    0.9964    0.8692   0.02505  0.005791  0.007012
    92/299     4.62G   0.03001   0.01097  0.007125   0.04811       111       640    0.9919     0.979    0.9937    0.8134   0.02784   0.01004  0.007479
    93/299     4.62G   0.03152   0.01109  0.007088    0.0497        99       640    0.9966    0.9947    0.9958     0.869     0.026  0.006268  0.007073
    94/299     4.62G   0.03104   0.01074  0.006852   0.04864       103       640    0.9983         1    0.9963    0.8631     0.025  0.005964  0.007082
    95/299     4.62G   0.03038   0.01079  0.007177   0.04835       103       640    0.9976         1    0.9962    0.8767   0.02457  0.005812  0.006931
    96/299     4.62G   0.03015   0.01055  0.007058   0.04776        91       640     0.998         1    0.9963    0.8745   0.02518  0.005891  0.006978
    97/299     4.62G   0.02992   0.01044  0.006775   0.04713        91       640         1    0.9982    0.9962    0.8784   0.02487  0.005782  0.006942
    98/299     4.62G   0.03002   0.01061  0.006899   0.04753        99       640    0.9984         1    0.9963    0.8624   0.02519  0.005631  0.006907
    99/299     4.62G   0.02974   0.01077  0.006611   0.04713       109       640     0.999         1    0.9954    0.8595   0.02556  0.005872  0.007125
   100/299     4.62G   0.03015   0.01102   0.00656   0.04773        99       640     0.999         1    0.9959    0.8646   0.02508  0.006195  0.006975
   101/299     4.62G   0.02963   0.01046  0.006749   0.04684        98       640     0.942    0.9819    0.9733    0.7938   0.02834  0.007927  0.007317
   102/299     4.62G   0.03081   0.01075   0.00702   0.04858       104       640     0.999         1    0.9964    0.8669   0.02502    0.0058  0.006954
   103/299     4.62G   0.03075   0.01107  0.007182     0.049       100       640    0.9914    0.9921    0.9925    0.8607   0.02541  0.006287  0.007408
   104/299     4.62G   0.02941   0.01087   0.00661    0.0469        89       640    0.9971    0.9804    0.9944    0.8797   0.02472  0.007503  0.007115
   105/299     4.62G    0.0295   0.01059  0.007016   0.04711        80       640    0.9921    0.9897    0.9934    0.8202   0.02853   0.00866  0.007138
   106/299     4.62G   0.02964   0.01025  0.006826   0.04672       104       640    0.9978         1     0.996    0.8845   0.02495  0.005704  0.006982
   107/299     4.62G   0.02898   0.01026  0.006814   0.04606        90       640    0.9961    0.9973    0.9957    0.8758    0.0248  0.005686  0.006852
   108/299     4.62G   0.02951   0.01025  0.006608   0.04637        98       640    0.9988         1    0.9965    0.8831    0.0246   0.00551  0.006805
   109/299     4.62G   0.02993   0.01064  0.006728    0.0473        80       640    0.9973    0.9911    0.9945    0.8315   0.02724  0.006932  0.007238
   110/299     4.62G   0.02998   0.01063  0.006814   0.04742       101       640    0.9998         1    0.9965    0.8596   0.02491  0.005678  0.006961
   111/299     4.62G   0.02926   0.01028  0.006703   0.04624       100       640    0.9995         1    0.9961    0.8501   0.02626  0.005712  0.006863
   112/299     4.62G   0.02938   0.01042  0.006761   0.04656        76       640    0.9971    0.9947    0.9956    0.8775   0.02443  0.005749  0.006998
   113/299     4.62G   0.02842   0.01015  0.006464   0.04504        78       640    0.9991         1     0.996    0.8635   0.02468    0.0055  0.006841
   114/299     4.62G    0.0287  0.009843   0.00673   0.04528        87       640     0.999         1    0.9962     0.859   0.02501  0.005788  0.006819
   115/299     4.62G   0.02795   0.01014  0.006393   0.04448       101       640    0.9986         1    0.9965    0.8818   0.02436  0.005382  0.006844
   116/299     4.62G   0.02935   0.01011   0.00683    0.0463       114       640    0.9973         1    0.9958      0.88   0.02476  0.005586  0.006822
   117/299     4.62G   0.02889   0.01011  0.006659   0.04566        93       640    0.9995         1     0.996    0.8599    0.0248  0.005604  0.006857
   118/299     4.62G   0.02904  0.009991  0.006822   0.04585        81       640    0.9945    0.9921    0.9948    0.8278   0.02864  0.008024  0.007014
   119/299     4.62G   0.02835   0.01003  0.006515    0.0449        99       640     0.998         1    0.9964    0.8827   0.02434  0.005707  0.007185
   120/299     4.62G   0.02822   0.01051  0.006867    0.0456       113       640    0.9994     0.992    0.9956    0.8888   0.02448  0.005708  0.006935
   121/299     4.62G   0.02853  0.009891  0.006889   0.04531       108       640    0.9992         1    0.9956     0.881   0.02458  0.005558  0.006853
   122/299     4.62G   0.02823   0.01076  0.006596   0.04559       115       640    0.9967    0.9947    0.9947    0.8809   0.02428  0.006024  0.006951
   123/299     4.62G   0.02718  0.009783  0.006481   0.04345        91       640    0.9997         1    0.9961    0.8928   0.02401   0.00528  0.006767
   124/299     4.62G   0.02792  0.009754  0.006727    0.0444        70       640    0.9997         1    0.9966    0.8939   0.02358  0.005301  0.006729
   125/299     4.62G   0.02715  0.009101  0.006761   0.04301        89       640    0.9988         1    0.9965    0.8996   0.02348  0.005226  0.006796
   126/299     4.62G   0.02731   0.01039  0.006634   0.04433        90       640    0.9996         1     0.996    0.8921    0.0242  0.005296  0.006633
   127/299     4.62G   0.02783  0.009824  0.006664   0.04431        84       640    0.9991         1    0.9965    0.8903   0.02392  0.005423  0.006821
   128/299     4.62G   0.02747  0.009908  0.006556   0.04393        90       640    0.9995         1    0.9962    0.8897   0.02431  0.005222  0.006703
   129/299     4.62G    0.0277   0.01001  0.006783   0.04449       100       640    0.9987         1    0.9964    0.8965    0.0235  0.005237  0.006766
   130/299     4.62G   0.02731  0.009556  0.006579   0.04344        94       640    0.9989         1    0.9962    0.8698   0.02445  0.005435   0.00674
   131/299     4.62G   0.02733  0.009563  0.006395   0.04329        68       640    0.9995         1    0.9956    0.8891   0.02384  0.005814  0.006949
   132/299     4.62G   0.02766  0.009835  0.006585   0.04408        91       640    0.9996         1    0.9957    0.8892   0.02363  0.005284  0.006661
   133/299     4.62G   0.02678    0.0095  0.006526    0.0428        92       640    0.9991         1    0.9961    0.8914   0.02383   0.00525  0.006688
   134/299     4.62G   0.02766  0.009714  0.006549   0.04392        95       640    0.9993         1     0.996     0.888   0.02355  0.005357  0.006712
   135/299     4.62G   0.02743  0.009854  0.006596   0.04388        89       640    0.9998         1    0.9959    0.8782   0.02419  0.005255  0.006604
   136/299     4.62G   0.02684  0.009143   0.00667   0.04265        64       640    0.9982         1    0.9965    0.9042   0.02299  0.005115  0.006618
   137/299     4.62G   0.02665  0.009663  0.006611   0.04292        91       640    0.9985         1    0.9964    0.8973   0.02383  0.005312  0.006766
   138/299     4.62G   0.02803  0.009524  0.006728   0.04428        77       640    0.9993         1    0.9966    0.8878   0.02422  0.005296  0.006698
   139/299     4.62G   0.02738  0.009309  0.006857   0.04354       100       640    0.9994         1    0.9965    0.9043   0.02338  0.005173  0.006594
   140/299     4.62G   0.02642  0.009331  0.006567   0.04232        90       640    0.9999     0.992    0.9961    0.8746   0.02409  0.005719  0.006807
   141/299     4.62G   0.02691  0.009213  0.006492   0.04261        88       640    0.9973     0.994    0.9956    0.8905   0.02352  0.005514  0.006938
   142/299     4.62G   0.02605  0.009565  0.006411   0.04203        91       640    0.9972    0.9875    0.9958     0.897   0.02324  0.005642  0.006688
   143/299     4.62G   0.02675  0.009506  0.006708   0.04296       100       640    0.9957    0.9973    0.9958    0.9003   0.02316  0.005388   0.00707
   144/299     4.62G   0.02659  0.009379    0.0064   0.04237        89       640    0.9993         1    0.9963    0.8986   0.02328  0.005055  0.006641
   145/299     4.62G   0.02696  0.009587    0.0066   0.04314       112       640    0.9989         1    0.9959    0.8954    0.0236  0.005181  0.006622
   146/299     4.62G   0.02615   0.00963  0.006206   0.04199       102       640    0.9987         1    0.9963    0.9116     0.023  0.005113  0.006614
   147/299     4.62G   0.02618  0.009353  0.006603   0.04213       101       640    0.9997    0.9974    0.9961    0.9025   0.02328  0.005109   0.00657
   148/299     4.62G   0.02586  0.009142  0.006239   0.04124       109       640    0.9974         1     0.996    0.8991   0.02315   0.00521  0.006631
   149/299     4.62G   0.02658  0.009379  0.006726   0.04269        93       640    0.9984    0.9973    0.9959    0.8715   0.02503   0.00563  0.006737
   150/299     4.62G   0.02596  0.009304  0.006349   0.04162        82       640    0.9988         1    0.9966    0.9069   0.02315  0.004984  0.006577
   151/299     4.62G   0.02616  0.009174  0.006569    0.0419       111       640         1         1    0.9959    0.9009   0.02317  0.005267   0.00668
   152/299     4.62G   0.02668  0.009199  0.006617    0.0425        75       640     0.992         1    0.9954    0.8682   0.02561  0.007618  0.006826
   153/299     4.62G   0.02617  0.008988  0.006389   0.04155        90       640    0.9918    0.9946    0.9955    0.8931   0.02407   0.00612  0.006764
   154/299     4.62G   0.02625  0.009719  0.006538   0.04251        95       640    0.9947    0.9946    0.9954    0.8882   0.02323   0.00559  0.006815
   155/299     4.62G   0.02683  0.009249  0.006497   0.04258        92       640    0.9992         1    0.9966    0.9097   0.02295  0.005004  0.006587
   156/299     4.62G   0.02584  0.009216  0.006462   0.04152        77       640    0.9974         1    0.9964    0.9053   0.02282  0.005041  0.006659
   157/299     4.62G   0.02677  0.009403  0.006789   0.04296        96       640    0.9996         1    0.9957    0.9052   0.02304  0.005151  0.006673
   158/299     4.62G   0.02639  0.009517  0.006423   0.04233        91       640    0.9947    0.9967    0.9948    0.8869   0.02406  0.008204  0.006908
   159/299     4.62G   0.02572  0.009422  0.006302   0.04144       112       640     0.999         1    0.9965    0.9013   0.02324   0.00495  0.006606
   160/299     4.62G   0.02573  0.009213  0.006374   0.04132       101       640    0.9991         1    0.9966    0.9128   0.02266  0.004887  0.006592
   161/299     4.62G   0.02597  0.009083  0.006632   0.04168       109       640    0.9986         1    0.9963    0.8977   0.02338  0.005017  0.006578
   162/299     4.62G   0.02544  0.008809  0.006547   0.04079        88       640    0.9998         1    0.9962    0.8958   0.02303  0.005052  0.006539
   163/299     4.62G   0.02578  0.009369  0.006492   0.04164       101       640    0.9982         1    0.9967    0.9165   0.02281  0.004907   0.00658
   164/299     4.62G   0.02621  0.009398  0.006527   0.04213       111       640    0.9999         1    0.9965    0.9233    0.0226  0.004854  0.006565
   165/299     4.62G   0.02553  0.009308  0.006528   0.04136       107       640    0.9995         1     0.996    0.9158   0.02303  0.004988  0.006569
   166/299     4.62G   0.02569   0.00923  0.006443   0.04136       112       640    0.9988         1    0.9961    0.9103   0.02274  0.005049  0.006556
   167/299     4.62G   0.02544  0.008596  0.006358    0.0404        81       640    0.9944    0.9894     0.995    0.8838   0.02452  0.006395  0.006888
   168/299     4.62G   0.02577  0.008812  0.006583   0.04116        77       640         1         1    0.9966    0.9111   0.02256  0.004792  0.006548
   169/299     4.62G   0.02513  0.009146  0.006192   0.04047       100       640    0.9975         1    0.9967    0.9235   0.02243  0.004867   0.00654
   170/299     4.62G   0.02492  0.008959  0.006026   0.03991        90       640    0.9972         1    0.9958    0.9175   0.02283  0.005226  0.006605
   171/299     4.62G   0.02483  0.008789  0.006199   0.03982        79       640    0.9993    0.9974    0.9963    0.9106   0.02304  0.004972  0.006592
   172/299     4.62G   0.02558  0.009216  0.006508    0.0413        97       640    0.9998    0.9974    0.9963    0.9187   0.02243  0.004758  0.006433
   173/299     4.62G   0.02495   0.00902  0.006261   0.04023        98       640    0.9973    0.9942    0.9949    0.9017   0.02337  0.005139  0.006714
   174/299     4.62G   0.02527  0.008814  0.006461   0.04054       106       640    0.9996    0.9974    0.9961    0.9124   0.02256  0.004956  0.006507
   175/299     4.62G   0.02518  0.009196   0.00646   0.04083       113       640         1    0.9976    0.9965    0.9218   0.02241  0.004842  0.006554
   176/299     4.62G   0.02443  0.008602  0.006101   0.03913       105       640    0.9981         1    0.9965    0.9247   0.02246  0.004808  0.006464
   177/299     4.62G   0.02492  0.008732  0.006419   0.04007        86       640    0.9992         1    0.9966    0.8993   0.02311   0.00492  0.006534
   178/299     4.62G   0.02479  0.008915  0.006211   0.03991       105       640    0.9982         1    0.9963    0.9174   0.02275  0.004697  0.006435
   179/299     4.62G   0.02497  0.008948  0.006518   0.04044       100       640    0.9986         1    0.9966    0.9071   0.02283  0.004787  0.006502
   180/299     4.62G   0.02484  0.008733  0.006381   0.03995       101       640    0.9997         1    0.9965    0.9137   0.02257  0.004777  0.006425
   181/299     4.62G   0.02548    0.0089  0.006446   0.04082       102       640    0.9999         1    0.9965    0.9178   0.02259  0.004875  0.006569
   182/299     4.62G   0.02477  0.009114  0.006244   0.04013        92       640    0.9995         1    0.9966    0.9181   0.02234   0.00474   0.00649
   183/299     4.62G   0.02473  0.008486  0.006147   0.03936       100       640    0.9993         1    0.9966    0.9157   0.02251   0.00478  0.006469
   184/299     4.62G    0.0246  0.008931  0.006187   0.03972        92       640     0.999         1    0.9961     0.913   0.02226  0.004794  0.006427
   185/299     4.62G   0.02525  0.008946  0.006645   0.04084        94       640    0.9999    0.9974    0.9957    0.9073   0.02271  0.005317  0.006716
   186/299     4.62G   0.02483  0.008611  0.006552      0.04        96       640    0.9991         1    0.9967    0.9258   0.02199  0.004733  0.006509
   187/299     4.62G   0.02455  0.008911  0.006276   0.03974        92       640    0.9976         1    0.9965    0.9223   0.02236  0.004759  0.006557
   188/299     4.62G   0.02492  0.008614  0.006563    0.0401        79       640    0.9973    0.9947    0.9956    0.8932   0.02288  0.005721  0.006699
   189/299     4.62G   0.02492  0.008635  0.006255   0.03981       100       640    0.9986         1    0.9961    0.9109   0.02244  0.004864  0.006513
   190/299     4.62G    0.0246   0.00908  0.006332   0.04002       103       640    0.9999    0.9973    0.9966    0.9247   0.02194  0.004617  0.006479
   191/299     4.62G   0.02429  0.008487   0.00632   0.03909       117       640    0.9998         1    0.9967    0.9173   0.02237  0.004631  0.006494
   192/299     4.62G   0.02434  0.008549  0.006409    0.0393        84       640    0.9957         1    0.9958    0.9039   0.02299  0.005104  0.006741
   193/299     4.62G   0.02434  0.008461  0.006283   0.03909        85       640    0.9996    0.9974    0.9963     0.918   0.02249   0.00485  0.006466
   194/299     4.62G   0.02431  0.008789  0.006271   0.03937       120       640    0.9986         1    0.9959    0.9201   0.02219  0.005153  0.006683
   195/299     4.62G   0.02474  0.008715  0.006356   0.03982        92       640    0.9982         1    0.9962    0.9275    0.0219  0.004703  0.006498
   196/299     4.62G   0.02361  0.008453  0.005984   0.03805        84       640    0.9997         1    0.9962    0.9286   0.02213  0.004699  0.006457
   197/299     4.62G   0.02457  0.008626  0.006242   0.03944        85       640    0.9997    0.9974    0.9967    0.9285   0.02196  0.004644  0.006495
   198/299     4.62G   0.02442  0.009077  0.006302   0.03979        99       640    0.9998         1    0.9966     0.932    0.0219  0.004588  0.006406
   199/299     4.62G   0.02426   0.00824  0.006411   0.03891       104       640    0.9998         1     0.996    0.9184   0.02235  0.005027  0.006774
   200/299     4.62G   0.02441  0.008515  0.006444   0.03937       102       640    0.9999         1    0.9963    0.9232   0.02237  0.004577  0.006374
   201/299     4.62G   0.02455   0.00872  0.006457   0.03972       108       640    0.9987         1    0.9967    0.9194    0.0225  0.004771  0.006536
   202/299     4.62G   0.02396  0.008415  0.006339   0.03872        95       640    0.9976         1    0.9967    0.9322   0.02214  0.004708  0.006569
   203/299     4.62G   0.02418   0.00849  0.006383   0.03905        97       640    0.9996    0.9894    0.9956    0.9078   0.02256  0.005177  0.006577
   204/299     4.62G   0.02371  0.008518  0.006342   0.03857       110       640    0.9991         1    0.9967    0.9245   0.02191   0.00457  0.006386
   205/299     4.62G   0.02414  0.008391  0.006251   0.03878        95       640    0.9986         1    0.9966    0.9152    0.0227  0.004694  0.006499
   206/299     4.62G   0.02399  0.008512  0.006376   0.03888        90       640    0.9945    0.9974    0.9957    0.9095   0.02283  0.005318  0.006584
   207/299     4.62G   0.02356  0.008649  0.006175   0.03838       101       640    0.9997         1    0.9961    0.9315   0.02194  0.004677  0.006472
   208/299     4.62G   0.02329  0.008387  0.005926    0.0376        82       640    0.9987         1    0.9966    0.9243   0.02202  0.004643  0.006371
   209/299     4.62G   0.02332  0.008484  0.005996    0.0378       102       640    0.9995         1    0.9962    0.9288   0.02231   0.00467  0.006401
   210/299     4.62G   0.02362  0.008545  0.006116   0.03828        89       640    0.9979         1    0.9967    0.9273   0.02216  0.004653  0.006429
   211/299     4.62G   0.02342  0.008277  0.005992   0.03769        84       640    0.9974         1    0.9967    0.9275   0.02193  0.004586  0.006353
   212/299     4.62G   0.02397  0.008521  0.006288   0.03878        94       640    0.9998    0.9974    0.9963    0.9301   0.02213  0.004696   0.00648
   213/299     4.62G   0.02292  0.008144  0.005967   0.03703       114       640    0.9974         1    0.9967     0.932   0.02189  0.004542  0.006366
   214/299     4.62G   0.02324   0.00821  0.006085   0.03753        88       640    0.9974    0.9999    0.9964    0.9265   0.02216  0.004561  0.006496
   215/299     4.62G     0.023  0.007685  0.005965   0.03665        97       640    0.9987         1     0.996    0.9181   0.02232  0.005108  0.006493
   216/299     4.62G   0.02315  0.008143  0.006145   0.03744       105       640    0.9972    0.9947    0.9938    0.9148   0.02264  0.005164  0.006846
   217/299     4.62G   0.02351  0.008121  0.006376   0.03801       105       640    0.9992         1    0.9966    0.9251   0.02184  0.004548  0.006386
   218/299     4.62G   0.02358  0.007973  0.006183   0.03774       102       640    0.9993         1    0.9965    0.9273   0.02208  0.004666  0.006416
   219/299     4.62G   0.02316  0.008639  0.006023   0.03782       112       640    0.9991         1    0.9959    0.9178   0.02209   0.00524  0.006563
   220/299     4.62G   0.02367    0.0085  0.006264   0.03843        98       640    0.9955         1    0.9962    0.9196    0.0223  0.004799  0.006555
   221/299     4.62G   0.02344  0.008056  0.006323   0.03781        92       640    0.9978         1    0.9966    0.9355   0.02155  0.004507  0.006394
   222/299     4.62G    0.0237  0.008428  0.006461   0.03859        94       640    0.9992         1    0.9966    0.9204    0.0219  0.004545  0.006438
   223/299     4.62G   0.02367  0.008293  0.006324   0.03829       101       640    0.9985         1    0.9963    0.9258    0.0219  0.004427  0.006365
   224/299     4.62G   0.02357  0.008488   0.00628   0.03834        97       640    0.9981         1    0.9959    0.9377   0.02169  0.004344  0.006352
   225/299     4.62G   0.02332  0.008255  0.006177   0.03775        97       640    0.9987         1    0.9966    0.9353   0.02169  0.004405  0.006374
   226/299     4.62G   0.02317  0.008441  0.006093    0.0377        80       640    0.9999         1    0.9963    0.9255   0.02194  0.004518  0.006298
   227/299     4.62G   0.02307  0.008139  0.006104   0.03731        99       640    0.9999         1    0.9967    0.9342   0.02188  0.004507  0.006362
   228/299     4.62G   0.02328  0.008086  0.006096   0.03746       104       640    0.9988         1    0.9968    0.9408   0.02145  0.004314  0.006232
   229/299     4.62G   0.02307  0.008101  0.006032    0.0372       108       640    0.9985         1    0.9967    0.9333   0.02178   0.00456  0.006326
   230/299     4.62G   0.02309  0.008239  0.006242   0.03757       115       640    0.9988         1    0.9967    0.9343   0.02167  0.004535  0.006443
   231/299     4.62G   0.02372  0.008338  0.006422   0.03848       101       640    0.9999         1    0.9964    0.9333   0.02181  0.004397  0.006343
   232/299     4.62G     0.023  0.008104  0.006117   0.03722        82       640    0.9993         1    0.9968    0.9346   0.02154  0.004507  0.006359
   233/299     4.62G    0.0227  0.007967  0.006018   0.03669        91       640     0.998         1    0.9968    0.9315   0.02205  0.004655  0.006394
   234/299     4.62G   0.02297  0.008012  0.006156   0.03714        93       640    0.9995         1    0.9967    0.9344    0.0218  0.004525  0.006458
   235/299     4.62G   0.02311  0.007875  0.006044   0.03703        89       640    0.9997         1    0.9965     0.928   0.02203   0.00449  0.006331
   236/299     4.62G   0.02316  0.008086  0.006209   0.03745        92       640    0.9993         1    0.9959    0.9262   0.02211  0.004608  0.006315
   237/299     4.62G   0.02297  0.008019  0.006159   0.03714        96       640    0.9993    0.9974    0.9964     0.922   0.02224  0.004833  0.006596
   238/299     4.62G   0.02313  0.007989  0.006283    0.0374       113       640         1    0.9974    0.9967    0.9366    0.0215  0.004422   0.00633
   239/299     4.62G   0.02357  0.008086  0.006519   0.03817       109       640    0.9994         1    0.9967    0.9375   0.02162  0.004282  0.006311
   240/299     4.62G   0.02277  0.007867  0.006008   0.03664        83       640    0.9973     0.994    0.9934    0.8947   0.02263  0.005219  0.006941
   241/299     4.62G   0.02323  0.007773   0.00624   0.03725        90       640    0.9996         1    0.9968    0.9344   0.02147  0.004491   0.00634
   242/299     4.62G   0.02288  0.007945  0.006235   0.03706        99       640    0.9984         1    0.9968    0.9319   0.02139  0.004447  0.006346
   243/299     4.62G    0.0225  0.008045  0.005986   0.03653       108       640    0.9985         1    0.9968    0.9334   0.02145  0.004458  0.006363
   244/299     4.62G   0.02278    0.0081  0.006059   0.03694        98       640    0.9977         1    0.9967    0.9383   0.02162  0.004406  0.006404
   245/299     4.62G   0.02279  0.007988   0.00621   0.03699        81       640    0.9992         1    0.9968    0.9363   0.02141  0.004336  0.006334
   246/299     4.62G   0.02309  0.007858  0.006271   0.03722       104       640    0.9988         1    0.9967    0.9268   0.02152  0.004389  0.006286
   247/299     4.62G    0.0232  0.008082   0.00646   0.03775        89       640    0.9993         1    0.9963    0.9283   0.02164  0.004489  0.006265
   248/299     4.62G   0.02315  0.008161  0.006156   0.03747        87       640    0.9979         1    0.9968    0.9351   0.02153  0.004467  0.006345
   249/299     4.62G   0.02315  0.008375  0.006296   0.03782       107       640    0.9977         1    0.9968    0.9344   0.02128  0.004224  0.006289
   250/299     4.62G   0.02292  0.008232  0.006145    0.0373       112       640    0.9985         1    0.9968    0.9308   0.02173  0.004402  0.006398
   251/299     4.62G   0.02274  0.007962  0.006155   0.03685        83       640    0.9999    0.9974    0.9967    0.9393   0.02135   0.00435  0.006353
   252/299     4.62G   0.02258  0.007923   0.00607   0.03658        96       640    0.9974    0.9998    0.9964    0.9326   0.02181  0.004583  0.006395
   253/299     4.62G   0.02289  0.007775  0.006291   0.03696        99       640    0.9978         1    0.9967    0.9335   0.02146   0.00436  0.006307
   254/299     4.62G   0.02278  0.007776  0.006193   0.03675       105       640    0.9974    0.9996    0.9968    0.9358   0.02166  0.004393  0.006311
   255/299     4.62G   0.02246  0.007789  0.006009   0.03625        95       640    0.9977         1    0.9968    0.9352   0.02171  0.004427  0.006323
   256/299     4.62G     0.023  0.007699  0.006289   0.03699        94       640    0.9994    0.9974    0.9968    0.9379   0.02151  0.004431  0.006321
   257/299     4.62G   0.02292  0.007994   0.00628   0.03719        94       640    0.9995         1    0.9967    0.9324   0.02153  0.004407  0.006322
   258/299     4.62G   0.02253  0.007944  0.005971   0.03645        91       640    0.9997         1    0.9964    0.9285   0.02174  0.004534  0.006316
   259/299     4.62G   0.02225  0.007597   0.00593   0.03578        84       640    0.9998         1    0.9962    0.9274   0.02166  0.004503  0.006317
   260/299     4.62G   0.02252  0.007866  0.006037   0.03642        81       640    0.9974         1    0.9967    0.9283   0.02181  0.004349  0.006271
   261/299     4.62G   0.02236  0.007808  0.005977   0.03615       106       640    0.9975         1    0.9967    0.9295   0.02175  0.004377  0.006281
   262/299     4.62G   0.02257  0.008024  0.006202   0.03679       100       640    0.9995         1    0.9968    0.9384   0.02125  0.004243  0.006236
   263/299     4.62G   0.02297  0.008139  0.006232   0.03735        95       640    0.9976         1    0.9968    0.9368   0.02149  0.004369  0.006297
   264/299     4.62G   0.02165  0.007874  0.005759   0.03529        94       640    0.9974         1    0.9968    0.9394   0.02153  0.004346  0.006344
   265/299     4.62G   0.02218  0.007884  0.006007   0.03608        98       640    0.9999         1    0.9965    0.9378    0.0213  0.004364  0.006279
   266/299     4.62G   0.02229  0.008006  0.005985   0.03628        94       640    0.9993         1    0.9967    0.9353   0.02133  0.004317   0.00628
   267/299     4.62G   0.02264   0.00783  0.006237    0.0367        99       640    0.9995         1    0.9963    0.9332   0.02154  0.004544  0.006349
   268/299     4.62G   0.02285  0.007677  0.006292   0.03682        98       640    0.9995         1    0.9968    0.9361   0.02125  0.004411  0.006318
   269/299     4.62G   0.02271  0.007938  0.006224   0.03687        89       640    0.9997         1    0.9962    0.9314   0.02144  0.004569  0.006332
   270/299     4.62G   0.02288  0.007886  0.006112   0.03687        91       640    0.9987         1    0.9968    0.9379   0.02144  0.004399  0.006297
   271/299     4.62G   0.02251  0.008047  0.006088   0.03665       124       640     0.998         1    0.9968    0.9392   0.02147  0.004368  0.006266
   272/299     4.62G   0.02184   0.00784  0.005859   0.03553        94       640    0.9998         1    0.9967    0.9395   0.02137  0.004231   0.00621
   273/299     4.62G   0.02232  0.007963  0.006025   0.03631       110       640    0.9983         1    0.9967    0.9395   0.02143  0.004257  0.006275
   274/299     4.62G   0.02305  0.007846   0.00632   0.03722        99       640    0.9997    0.9974    0.9965    0.9429   0.02122  0.004216  0.006291
   275/299     4.62G   0.02301   0.00757  0.006301   0.03689        92       640    0.9974         1    0.9966    0.9392   0.02129  0.004399  0.006372
   276/299     4.62G   0.02279  0.007849   0.00613   0.03677       101       640    0.9999    0.9974    0.9963    0.9324   0.02141  0.004252  0.006307
   277/299     4.62G    0.0222  0.007592  0.005898   0.03569        90       640    0.9996         1    0.9966    0.9341   0.02166   0.00442  0.006323
   278/299     4.62G    0.0226  0.008053  0.006237   0.03689       121       640    0.9985         1    0.9967    0.9342    0.0215  0.004319  0.006291
   279/299     4.62G   0.02243  0.007617    0.0061   0.03614        96       640    0.9975         1    0.9967    0.9408   0.02128  0.004249  0.006226
   280/299     4.62G    0.0223  0.007867  0.006109   0.03628        91       640    0.9996    0.9973    0.9967    0.9399   0.02122  0.004277  0.006209
   281/299     4.62G   0.02205  0.007884  0.005956   0.03589       103       640    0.9988    0.9973    0.9963    0.9274   0.02174  0.004571  0.006509
   282/299     4.62G   0.02242  0.007555  0.006019   0.03599        92       640    0.9974         1    0.9967    0.9435   0.02116  0.004257  0.006252
   283/299     4.62G    0.0222  0.007765  0.005965   0.03593        93       640    0.9982         1    0.9967    0.9365   0.02148   0.00438   0.00628
   284/299     4.62G   0.02274  0.007858  0.006319   0.03691        93       640    0.9979         1    0.9967    0.9345   0.02147  0.004357  0.006236
   285/299     4.62G   0.02199  0.007553  0.005866   0.03541        98       640    0.9997    0.9974    0.9967    0.9368   0.02125  0.004381  0.006255
   286/299     4.62G   0.02227  0.007793  0.006113   0.03618       100       640    0.9997         1    0.9965    0.9356   0.02139   0.00458  0.006364
   287/299     4.62G   0.02198  0.007453  0.006022   0.03546        81       640    0.9989         1    0.9968    0.9347   0.02142  0.004496  0.006321
   288/299     4.62G   0.02219  0.007456  0.006069   0.03571        97       640    0.9973    0.9962    0.9958    0.9244   0.02169  0.004783  0.006458
   289/299     4.62G   0.02263  0.007681  0.006206   0.03652        91       640    0.9979         1    0.9966    0.9349   0.02152  0.004408  0.006308
   290/299     4.62G   0.02286   0.00785  0.006257   0.03696       107       640    0.9994         1    0.9967    0.9403   0.02124  0.004346  0.006233
   291/299     4.62G   0.02276  0.007835   0.00616   0.03676       103       640    0.9986         1    0.9966    0.9343   0.02121  0.004249  0.006221
   292/299     4.62G   0.02237   0.00777  0.006184   0.03632        99       640    0.9984         1    0.9966    0.9378   0.02122   0.00425  0.006215
   293/299     4.62G   0.02245  0.007697  0.006091   0.03623        94       640    0.9981         1    0.9967    0.9451   0.02117  0.004289  0.006256
   294/299     4.62G   0.02246  0.007977  0.006194   0.03663       101       640    0.9995         1    0.9967    0.9368   0.02115  0.004275  0.006234
   295/299     4.62G   0.02249  0.007829  0.006128   0.03645        99       640    0.9974    0.9979    0.9962    0.9343    0.0216  0.004559  0.006292
   296/299     4.62G   0.02195  0.007607     0.006   0.03556        96       640    0.9977         1    0.9968    0.9457   0.02108   0.00437  0.006233
   297/299     4.62G   0.02206   0.00742  0.006051   0.03553        78       640    0.9981         1    0.9967    0.9432   0.02134  0.004358  0.006236
   298/299     4.62G   0.02245  0.007867  0.006161   0.03648       100       640    0.9979         1    0.9967    0.9457   0.02115    0.0043  0.006245
   299/299     4.62G   0.02166  0.007218  0.005805   0.03469       105       640    0.9979         1    0.9967    0.9448   0.02127  0.004329  0.006259
